7371
4008
5436
9391
9634
14293
6471
26431
14113
10250
18897
1130
15491
17783
7182
29798
1466
13977
6553
25390
29792
26093
5388
25290
29935
26197
3279
4816
6196
30398
12333
24875
24833
26880
15021
18459
6691
28677
6559
11645
18579
6446
4085
18253
3569
29938
19540
10601
3885
13001
9579
24727
13192
13384
28804
16074
20411
23437
9816
15521
4469
6365
18984
5169
16139
31628
18185
30980
8043
18973
14208
4449
7763
26027
19278
5326
192
31880
16269
13268
15784
20515
7420
11522
20203
4655
12440
13109
3720
7425
29292
2326
29708
2874
20137
30179
18001
29351
1273
30579
5476
18021
4625
21876
4295
9289
22405
31224
3545
4478
30177
13104
21138
27248
3317
17014
30835
2537
22128
23697
31677
27514
20145
32565
19170
19741
24537
16330
27193
5144
17189
30574
32757
31013
3195
28733
23640
16335
5186
30672
21028
32031
13175
31491
29523
12664
1533
3836
1543
14784
10037
2921
17860
23488
7375
6664
17629
29134
25568
24429
556
31145
21556
8448
1798
2724
19941
3141
8558
30471
25900
864
3721
7346
120
4824
10579
10499
7357
29851
29071
21498
11279
17474
32516
22171
17007
18583
13542
8340
1253
30292
18835
4384
3791
4142
30336
14123
16760
2066
25714
23735
12780
1455
10225
24958
10507
13876
25081
10457
27101
18779
22772
7904
12837
16294
7653
6355
10553
28136
4582
5305
12560
23048
24532
7238
19869
21762
15945
20226
5723
30254
3530
22440
26154
23493
10050
20684
15705
21665
28335
23745
2564
22340
32284
29882
19104
27164
31951
13103
16084
24838
30403
7555
6794
5136
18521
12515
28487
29571
29258
13937
16311
7457
27104
8866
29069
22187
14694
996
4490
4518
1245
17541
7642
23647
18160
17360
19111
25645
23082
2681
29929
27894
8807
7739
14203
25076
27272
14527
22132
25529
19051
26048
29876
30577
10523
19565
18365
15208
12099
10254
15813
17612
15849
13291
18953
2739
15704
3689
19299
607
22622
22391
16671
20673
30648
3624
16907
13629
4555
29089
27085
4525
8853
26934
12409
13224
24546
14288
24675
17156
32195
32402
7730
31129
5948
21180
14134
2120
3901
27343
10748
19773
32211
9970
7455
16240
32160
30868
14432
13170
28041
27987
5113
23910
31406
24860
12847
13389
1695
7060
14119
6792
15821
23735
21242
28567
29246
7359
4619
28455
3717
840
1945
332
13554
22961
1680
24587
24326
31941
23717
13851
4393
4507
17313
6892
30367
442
31997
4073
31161
641
19376
25339
11336
11207
16453
6734
5207
25022
2864
19799
12570
5661
18786
3862
19489
9342
32539
19864
27345
19972
13568
19137
29717
6210
27501
4680
24145
4952
22540
4355
31128
19295
8615
12645
10782
26888
3642
8517
9968
17791
22349
9440
4322
30102
6272
6946
30153
4127
3176
5921
5099
13209
2969
13035
29108
3856
516
32641
7595
29246
20100
13859
10916
10486
16563
3790
15414
9667
10498
24580
14191
16332
12041
27595
27591
2042
25115
32248
18515
31069
14366
16301
28987
2252
28313
25633
18798
22476
527
4767
17556
3764
12172
12754
5445
8718
13437
30783
2936
1855
16580
26131
14142
7275
20236
3103
9136
18323
22362
17441
15909
4352
4069
15941
15785
15589
12328
2027
7851
10304
27189
28587
1782
27905
3660
27286
9699
4462
3244
24255
25804
18118
18857
30459
31683
31524
30719
25572
16004
17063
28006
11812
13737
23504
9575
32240
22557
21291
26221
31698
30931
2610
15647
11948
15544
9582
16877
31482
11494
9695
23785
10071
14618
12702
31705
2627
15976
20417
28298
17699
26157
7039
23911
12425
28998
12949
3657
23990
17279
25319
27537
20829
17230
23403
373
23466
25026
25667
26007
12675
24246
25129
15580
11022
7498
10512
21371
19315
7316
25096
31572
30179
26770
2147
9348
29657
5987
16918
25654
12447
9911
5986
23995
19989
19845
19891
16862
30382
5628
27080
22641
4283
21435
7444
18476
14060
19012
8804
4280
6675
6062
19907
27398
12332
14235
21402
997
21659
12906
2844
17620
15796
19630
12257
7956
27520
19166
26321
3330
29630
7502
2628
15780
20265
2141
360
7810
3065
7408
9954
14263
2476
5408
696
3655
8710
26928
23406
179
25431
12482
25199
20939
16380
9290
32687
21956
22312
21186
143
30090
15077
24480
11777
31831
22357
23813
3564
25477
24382
5687
21458
4257
25029
24145
17584
14784
28026
14137
4645
25622
25749
25811
28887
12484
26239
16500
28179
27634
29333
24730
18611
4638
10280
26842
20805
16307
18376
5657
5481
16094
22978
23295
23163
10141
7655
8361
11122
17945
10383
32670
32264
15157
20702
1285
13084
2919
21574
22549
30292
4039
21325
21452
16646
32101
2961
26852
1113
30432
29449
23555
16039
23604
6285
13362
38
19668
28057
28048
8904
4089
23886
17479
14687
22329
21689
11200
31237
3931
8280
17939
10171
13162
17114
28610
16208
22024
10535
13222
27525
21765
24480
15145
1134
27440
11432
3766
7707
5229
13411
14958
27256
30728
2493
11037
29298
19785
20655
22380
27227
28233
21950
2392
9616
3331
16068
23522
27993
16046
14578
16648
16144
20811
18454
9205
13702
8058
6938
31605
8610
22161
2509
24747
5707
25327
8167
32262
27528
30350
22855
27249
31974
24024
29566
17610
10011
5820
30865
9110
18664
24064
26363
11507
19268
9945
6898
27341
29878
12473
23787
12117
3075
12136
14688
7599
3593
14678
1489
10987
31467
28720
14089
11063
32366
6065
27810
16211
30627
3771
21963
13893
9159
24230
21321
14157
28775
21720
31420
18459
14535
23189
24356
832
29317
32537
17059
4835
3450
26596
5509
17333
2785
6998
26237
17447
4027
22907
10289
25562
30322
30504
28665
26454
9148
28487
4580
17408
8898
7791
15869
22598
19586
23736
716
29725
32369
27085
22815
17837
9317
24386
7434
32330
6579
7464
6188
17319
9620
25823
308
16710
5838
5676
5284
28211
17040
17035
10965
23282
27293
2759
28475
7094
20140
31431
7403
8916
27919
22443
25690
8054
13972
5144
24168
13460
14761
24271
12445
7200
2243
32645
18098
2689
24576
30191
17747
26179
19979
3868
6691
10253
25664
25863
19713
30419
12816
31853
30346
21580
4007
29916
32734
28071
31693
32525
4007
25722
4362
3443
18520
9211
22030
29460
15283
5746
27983
25752
14222
20206
26612
3999
20438
31543
16370
15448
18900
12805
15733
11600
19631
29039
19329
12679
31539
24998
32729
7369
23248
12259
23072
6715
11238
5534
32318
3381
5952
24577
28165
29775
21726
2972
1557
703
12279
18522
16892
25570
3134
31156
2978
23832
20581
1828
6629
16853
23007
4317
8832
28149
24043
23737
25393
14928
23502
3955
17947
8079
1119
1558
9577
31550
15049
25525
29236
11042
4749
10077
17062
29388
28358
24136
2912
24430
9905
18003
2074
7662
21356
29874
6025
30521
11006
21731
3718
26330
3224
5088
18028
32715
8731
19353
27330
5002
15065
673
18970
20336
17312
21544
11832
17471
32757
21545
32631
3066
26781
996
14185
505
21346
27279
26302
16700
18451
9801
21095
23808
9933
2383
27643
1936
889
6002
10585
7006
23190
30665
32655
14930
825
11939
1274
30562
593
13247
32431
15971
9008
14528
23834
28190
31047
13275
27621
22695
12081
723
14619
7658
18164
14887
30606
5255
12163
29834
24694
13536
21383
13971
22618
14959
1374
15030
23348
28510
27748
14707
29648
22097
22386
461
17013
9863
6309
30206
22215
20001
20065
16489
24812
28353
15765
21712
32238
2135
8512
4551
9056
17976
4916
5736
28229
8817
29210
8265
22829
21338
26806
1451
7585
14190
31340
8180
17601
13145
14595
14944
11052
13907
1962
22771
31776
22701
3896
27570
26595
18601
18360
16914
6497
31119
15141
21169
12054
18685
25970
11076
15150
3711
21965
7376
3819
18783
29989
30750
21832
24767
5610
28265
16604
10724
12564
27225
20736
10453
29798
30005
29236
16165
1524
31828
32191
15629
8419
2772
23702
2238
28528
19343
20863
20468
17971
26443
11894
30671
9381
4913
31056
16095
7905
25473
17310
17789
5287
13955
14804
28770
22950
19393
11691
22898
13051
23411
8131
17113
19957
16955
3213
16473
5147
5394
104
2786
112
12674
14090
12900
23029
7703
18978
8673
30576
20240
13115
10694
28780
9049
9444
1147
24449
11710
32526
2361
6613
7769
25269
284
32739
24652
10435
21113
19323
16310
16433
30321
32522
11231
14191
27846
23068
27062
29958
8686
30495
19070
25468
31590
30314
15044
5239
32329
23166
15764
7974
17441
31115
10220
15837
12797
10294
12401
28415
9668
409
10081
7457
3528
28811
27337
4716
7838
24098
27384
15171
6958
10615
21299
31782
25350
19625
10922
7895
15092
21285
427
6843
979
1316
32534
15490
21413
27765
25105
28939
9442
5756
19452
14209
4112
14203
26280
32459
17300
4880
15043
29219
11720
19967
19095
30980
3405
3378
17653
28234
23459
1534
25707
21141
17910
25512
20157
32238
10299
9768
2195
5293
15996
24108
20848
17305
112
27232
31715
1874
23375
6637
5633
748
15844
22591
30226
10717
10980
17932
32651
16665
17790
25490
13373
31611
3123
12320
26059
13671
13800
25303
7009
5038
25914
8370
32675
2481
9745
21444
27364
2762
27000
1985
23961
27367
29612
28608
32525
12920
28786
31039
29782
27020
8622
4200
9095
7734
23602
31123
14119
10806
18132
25611
30178
31701
4035
6677
17023
26129
3099
29230
22546
15354
30134
26005
5747
15196
15174
28681
29422
2718
5792
7380
24892
19946
23899
25864
18610
6031
16282
17161
22969
14243
26918
8011
22398
12012
14528
31325
10731
18689
437
30759
19413
8620
2994
12400
26999
6547
17626
26787
17183
32279
23062
6866
10279
26749
10668
28155
7719
6219
17428
906
2153
19701
28423
15904
25501
25273
24280
26003
27086
14024
6663
19510
12949
5798
15124
22874
9101
16083
1169
7444
17670
11435
31611
20801
20222
18315
31690
27592
589
9525
31559
9759
8735
28022
28318
7697
8615
8454
1204
29630
23058
18351
11322
2275
23738
18865
6019
17755
13725
30822
12946
1254
12813
2594
16248
4650
32681
3421
3293
21239
14219
5908
31452
2511
10691
12396
16916
20646
32004
18329
12539
12518
30366
10238
21366
31926
32428
15765
14503
19836
13455
10130
19206
19360
10139
24131
28340
9108
2063
28731
23052
19473
25675
6831
23674
419
17981
16672
1936
7015
17693
2106
28246
7443
24410
6141
28386
10808
12500
18714
14889
16068
22859
16800
3605
20683
10007
17623
21976
16263
23066
14956
9343
13213
4852
12495
15818
21665
17013
24282
8507
30685
11608
26803
19309
11342
22574
27635
8615
18416
28568
5896
15281
23100
185
20440
32742
10222
5611
11686
17803
5131
2993
19002
29023
6691
12782
11836
16499
15827
3412
23778
13628
5007
19742
17099
23271
18078
18690
3114
21228
16486
7009
9766
24806
21738
11202
28545
26786
6289
15742
23672
4726
17193
22204
4587
2516
17451
5024
15294
2590
27713
14784
8831
11708
20485
8152
17481
13165
18444
15806
29928
11738
12835
30872
18749
20849
22488
32588
20964
21616
7741
19256
26901
5440
25320
6436
6088
31493
10814
28276
22045
17523
754
32418
11002
14563
17096
1260
28406
28582
159
26186
13942
8601
28590
12195
10005
14585
14
17472
15434
4985
26744
20609
16197
10898
32081
21711
30233
5659
30947
23761
20000
7449
6382
14051
1435
18648
13663
16324
6298
11835
13407
5774
29980
24912
32655
19692
14966
18215
24210
26503
2041
14821
23245
17089
7887
13076
4202
12198
23334
28733
4259
23839
18577
17849
14653
24937
21930
5060
9554
30662
27389
4563
6996
18035
26913
25640
7247
16601
21032
12195
30830
31239
8762
8155
3265
31584
7036
4973
3645
29585
2358
25236
1541
20935
15926
29690
25320
8478
21103
5070
17450
14428
25574
16663
24967
4575
24271
25928
13429
24532
4338
10772
18090
12458
3156
24963
18910
14278
7444
13382
23762
3705
22163
2632
8593
303
31703
24965
2293
15593
18226
1823
30574
28909
21790
26286
9983
14523
13932
25560
27273
25156
28062
29219
13900
25687
23441
24326
4523
6492
24415
582
22063
4676
11651
18560
24527
5568
8766
19457
4719
8113
4922
28638
22694
29920
25710
12610
32708
7920
25665
8962
5396
25745
13042
18295
10334
4598
14647
15500
6064
9608
29220
28182
18526
13532
3151
16996
29000
7650
9778
29975
23131
22624
10704
5172
13659
31647
2972
21368
29663
19557
28822
10732
16029
26402
32695
28089
29159
23150
25231
25148
17270
17843
14637
27741
30055
20519
1343
24861
14979
3070
20602
8815
12227
6621
4668
32329
3859
8337
6256
1018
32599
27905
30643
17342
9644
20065
18100
11408
23536
681
10465
31807
12420
18246
27712
30148
4944
25103
16026
20947
21512
13946
15839
7600
21934
15120
26566
31812
7001
25374
11444
32112
4660
20654
10719
32673
15561
25269
20147
20389
9088
29582
29045
31421
11874
23463
5926
1779
19491
3195
29354
1453
2656
22464
24361
13443
805
14049
22966
8270
17330
9902
15918
32385
4223
27475
19299
12477
10877
20614
12922
9887
31135
14853
13714
4573
16537
6208
6567
8337
15848
5458
28597
12756
24082
3638
31008
14479
25391
11320
11091
16526
9640
12969
5799
18902
21055
21719
13447
28217
18767
10301
24787
1319
853
1782
641
14791
7856
30328
10122
18246
31397
26238
6148
20336
934
23622
9355
32637
5332
24061
13286
30509
4802
12920
21480
9751
9084
18724
20883
4925
10184
24128
7300
17125
22955
12105
31115
11940
13359
21430
18585
956
2148
3558
25055
7080
25509
10327
20020
25332
11036
13080
24247
8786
4233
13697
26550
24043
17470
10273
8911
16115
2158
19192
31829
15232
2472
11238
20470
28828
8351
29028
22682
25240
24876
15730
22413
6052
6806
15568
14049
16541
11536
13937
11022
25638
22659
12077
6108
16378
26766
30134
15491
21633
25036
10957
27408
20129
5205
6582
20234
17366
14215
29929
1878
29829
29446
19210
5976
2189
30977
18459
29531
31264
5559
5873
11315
8913
22586
30436
32288
7917
14451
22987
18166
31503
24167
7720
10107
24559
28344
14751
21521
12411
111
26541
22677
20009
8184
12438
21382
30603
878
23711
27754
29988
21530
10110
2413
2170
12598
18447
2124
20844
20470
8264
32369
7622
23753
10607
17504
22291
476
28810
20561
690
14047
14104
9246
2092
15885
3070
21088
12741
29286
28868
24277
6993
19263
24321
32262
841
14589
16916
30758
12830
16158
14613
13116
27597
28537
13580
10373
8116
10950
18272
18707
19108
19040
13458
5563
16183
5962
7978
28206
18532
12912
24306
23398
23120
21040
22627
22852
17767
31001
26717
25463
8108
2547
14363
18847
22605
23807
3429
3762
10619
14976
27399
22431
23672
24185
5507
11570
5106
27065
20483
5432
4239
25621
26001
18147
9161
13301
21130
32368
17660
12050
8784
13318
31933
10365
21824
14818
6766
8164
25316
1457
26639
30225
11369
10557
20567
19123
29523
15948
11012
26465
10351
18885
9071
23516
9993
23061
28003
12180
12384
25809
15407
19566
15191
10141
12282
1733
27757
4172
11607
26287
18927
28745
21274
5761
109
32565
617
6805
19306
28881
11542
13898
22103
8735
24108
8781
10691
8644
12487
30743
30924
6065
10537
30391
25305
20482
9227
1234
32139
27942
20529
5096
15088
1345
26177
18648
32762
11982
4821
3495
32560
16521
18127
28797
11172
18572
25069
29680
22565
32440
27549
13445
22197
13910
19986
1908
11326
4862
18327
30380
11392
1208
1571
15895
4686
20322
8494
11807
26618
8530
26052
6001
21518
32060
10456
9217
7740
31573
5082
16718
152
9656
8076
32743
6405
29705
12561
3118
3821
10841
3398
9308
16694
8010
5718
12229
4209
11636
1929
23390
6484
21511
9053
24444
29546
19121
2008
21214
18441
3266
7452
12014
21893
8078
21052
26948
12963
6162
7246
18028
26192
9179
27586
18921
10131
6436
3058
26489
22977
21055
8441
22939
6384
22582
14281
16719
27309
8369
7288
29469
26354
25370
27355
5464
27986
18688
3414
29604
14967
32185
7666
11190
29134
24908
23984
5979
28545
25230
13854
6076
30374
17546
31015
9696
4022
21286
21295
19570
11072
19204
9056
28357
23774
30887
11838
277
17001
21207
24194
5648
27497
5190
2085
26004
21711
6259
25019
12475
19687
32719
10242
10005
21384
24351
8123
12596
19086
32289
27064
17518
2697
26994
23863
9182
12215
23471
23662
12972
13104
16858
22375
15246
9313
24320
28942
20879
5819
21273
31369
11792
6060
2352
14535
12300
16591
20676
10332
24736
14944
9837
13196
8394
16882
28611
3749
25713
2404
11899
11923
7845
529
28371
3502
17193
26695
30001
13014
302
8955
28422
11970
7010
19386
11001
917
297
29411
7234
10930
3370
29716
11603
11474
3342
28386
9662
84
30340
14285
10067
8660
28041
21874
1672
6910
32742
24067
543
27556
14842
18677
7682
2319
30905
2296
9586
26515
7413
556
6240
16998
989
12434
2075
5555
26819
4801
10028
32489
5154
11482
4222
30553
31711
14269
2499
7424
14543
20605
17682
32161
30074
15378
26069
6168
14878
4942
19682
2026
14839
27411
28648
3872
1470
19650
16397
29270
18288
4854
25557
23311
27472
32371
18502
13387
23087
5977
19786
13660
10475
11934
4436
3829
24886
5050
8262
28292
18328
21156
2451
19393
17079
3582
8608
13447
18391
18828
29297
2788
28829
14571
8065
26988
7704
26240
16625
8658
19714
18094
31205
2489
32578
2892
20012
2503
24246
19286
31519
8955
32048
21218
22475
24129
21950
12118
82
23108
29487
19417
20622
27524
24530
12807
29176
680
17025
17129
200
19733
19678
31780
3166
17343
24285
7536
30433
7231
899
16972
30758
20519
10989
17393
18387
11922
17811
30596
12996
11263
9422
7311
8109
25695
17560
4018
18177
876
25235
5526
8723
1853
1614
21027
21884
4375
24259
16371
6844
14471
6436
15366
27940
5293
5335
31159
32243
28635
6335
29422
13247
22879
28093
10392
14614
2460
630
18260
24166
19552
31831
1135
21274
25969
22999
18195
31238
9065
2556
29115
23813
5316
7457
24554
992
4920
29430
27677
12914
6469
2504
4606
21002
5644
21251
218
2577
13156
12533
12885
19437
16939
468
22877
22052
16602
23555
15708
29381
12380
24465
21938
29956
11041
16643
14690
14884
29294
29011
14091
12698
26103
1848
10523
12399
6575
19880
23103
5094
32223
7067
3614
30559
19829
22803
582
379
13983
21849
31590
3201
29081
21129
12991
11776
14788
27216
14293
25014
23799
12277
6762
23473
21785
13206
28844
17844
8176
19125
3502
27612
18740
16883
31765
7299
23272
23578
4372
16229
10218
16993
11162
26625
9416
18924
29641
26435
17109
12947
11947
8287
380
17124
31264
9472
10709
25963
1307
23714
26742
11057
6158
15164
14732
22402
419
19235
23338
22771
15277
3627
14816
21412
23646
31247
2960
8387
10170
5139
3197
26449
21835
28647
4773
12841
24087
5583
27473
10046
26319
5121
14058
17444
6729
16206
14094
17362
2096
26373
17123
4518
23547
21
21931
28073
27
2929
27545
9749
377
15289
8419
2580
18207
7702
18201
31179
29237
19046
25781
14231
31280
24217
21235
24214
22854
18778
28131
8810
23845
10226
2748
15417
28644
15210
10355
10488
27962
14576
3724
7402
22510
31101
20017
20579
910
19636
22913
2514
1636
29452
9514
2302
1958
817
2106
14224
15853
16040
20018
17106
12776
6578
12124
694
6482
31348
9055
21018
24097
29524
16913
15434
9729
31910
9868
9159
28160
29064
2180
17991
3723
21514
32728
16892
15257
7315
9830
25
21798
6272
3108
10387
7139
7181
12653
804
7724
2937
31640
27030
28986
32613
22479
12094
2714
2174
30
8647
19933
22107
5835
1841
8850
17832
3046
15640
9841
6533
288
23866
20441
25641
8161
2868
5245
25291
5524
20364
26714
20674
10822
9204
10476
30187
9583
5325
18593
29771
29967
7147
20110
6389
19197
6296
32352
13358
9340
2267
15510
15568
28688
26618
750
17132
17808
22077
31005
30131
25723
28149
1475
16535
27791
27069
27550
17325
1176
0
18174
11094
25479
6075
32633
11038
28611
14980
479
8164
26820
26572
22129
7484
20189
11617
26445
27153
32089
10550
2861
12431
10954
22631
10321
25919
17310
22392
954
10612
21235
30686
4249
11495
28077
20160
21511
21150
21445
8446
12534
7442
15331
20595
12392
9616
32048
11895
6623
8928
2917
22440
28692
17189
31017
31979
9707
23812
29849
15789
8103
15368
29224
30575
21594
3141
31145
11905
9120
10556
18858
29709
13197
21503
17668
27992
27364
5270
24240
24645
23434
19104
30684
26907
12602
12605
25662
15751
30841
23084
2217
8421
20941
25649
18398
28091
25898
28858
12708
22662
10669
7361
10267
20410
21901
244
28493
7428
2638
32020
23302
11218
4407
21147
3814
6421
15367
21153
1204
28741
15844
8960
19701
14758
4244
24247
15805
15819
14831
5516
966
8792
1428
28406
18879
17420
1756
29753
27110
29182
30476
17875
24025
28198
17359
16407
24745
22304
25059
21272
30513
24365
14354
4552
21158
29819
13924
15457
16751
16038
28051
18948
8758
5502
15039
13728
3391
21771
23395
4630
10232
13006
32136
10651
22226
30794
8248
11357
16720
18115
22582
12905
23645
18502
19692
5324
28387
29161
421
25080
17561
15188
16124
29034
797
28544
12436
23178
21826
31423
2826
21203
24747
23037
20008
14131
14745
3909
30556
17589
18689
16263
14440
17501
22754
23960
1626
11859
15061
1658
5311
2117
15590
29406
4372
774
24738
8679
12925
7035
2161
8497
29114
17079
3878
5650
32086
20837
32213
27679
15905
19046
21476
19698
32737
12476
5477
17707
4677
29863
5027
15029
30234
15373
9211
6219
27329
2591
14574
21050
28641
2618
4468
10344
3929
523
29330
18837
889
12023
7982
15329
3441
4794
547
11918
4105
29518
16017
6408
17043
4622
6774
19234
4126
24091
30595
21155
30445
9727
20008
23041
31784
3216
24306
25708
2000
17687
3606
2830
15608
23218
7502
8082
8755
1783
14307
22499
11849
23514
1291
26422
3374
17617
13430
10314
12596
9014
14628
15598
1151
2540
9849
18117
20153
23621
25491
7494
8968
21539
10459
9478
27197
13150
31706
11322
23887
9318
7503
28791
1031
3626
7550
12733
3068
24376
2762
30388
3010
5157
28294
26165
1631
32047
3081
23052
17150
1825
5632
3837
19688
2935
19977
5637
12207
27587
17021
27361
17324
31823
7820
21461
7852
516
16528
28326
31975
18314
2715
3816
13874
3505
8530
20864
4981
23312
3327
2401
6238
28396
28897
27033
5463
23387
19655
4241
5558
2728
31965
22672
32308
13306
27589
4482
28577
817
10985
2040
16854
30737
25872
32111
10986
16546
24368
30165
26281
4822
31619
32329
29249
18797
29405
20771
12351
18454
14397
31540
2234
27351
15010
26191
22990
1198
31008
27911
19533
12665
7474
23483
24752
32531
3922
720
18516
12736
14791
15934
24291
10187
28095
5710
22543
8301
7837
23970
30087
27121
26516
28789
22819
15126
3957
31012
18274
15285
32453
24045
28183
163
23571
15351
863
32473
17032
5011
20694
14802
18112
2498
32523
12597
15832
25335
13617
20916
31433
6942
24855
27956
30196
16092
15194
32302
4862
27161
23513
14933
30941
4028
29289
14457
12339
28341
30666
11691
31707
22593
27354
1442
8130
11113
28169
23133
2553
10700
22797
3850
4616
2463
4823
4647
17028
26866
18373
2791
24804
1589
20505
30167
10128
25082
23210
29889
26171
11773
12249
21968
31859
11617
8391
5622
25206
27196
30405
25227
13384
25686
30476
24119
29442
7470
20143
11537
28781
9534
31437
3080
6351
3712
267
30595
3845
26673
3137
9540
20178
10197
16756
21906
18807
9083
24837
16279
12420
322
2087
7431
25325
16412
9878
6402
12384
15826
31879
9788
26326
24137
13530
91
24169
14339
28567
23712
30565
27112
20632
3530
16033
32327
26243
7991
11280
32536
32252
11085
12179
8068
13592
28952
17
7847
25364
27956
24778
18324
10311
31214
20712
12953
14933
15014
22871
11205
16550
22136
27863
25256
21782
17947
3664
18266
31982
14600
12645
14527
11796
21983
2379
26632
13438
23047
14812
5501
3052
23701
7911
2682
471
14448
7627
29880
13220
25010
13636
1742
15646
10833
16260
504
11043
14846
6790
3350
1693
15693
10911
31992
2997
4119
27478
29144
24899
26397
629
28200
25736
15597
2400
19087
23839
1546
166
11054
11569
28743
8662
23079
20969
12660
916
11104
18471
10556
17387
19844
10617
23118
11493
11339
5447
32443
1881
18428
14925
15263
4101
9776
5198
14340
17116
16344
12807
6915
28833
4225
5987
13612
21173
10967
4077
22825
4398
30312
1418
10141
28456
31403
12136
21074
4448
23361
11570
6804
4863
27002
25222
3800
23731
28443
9896
19362
29188
5727
7288
17317
10470
4923
18081
21291
32650
29158
11284
8887
1146
11929
8373
7401
1253
31380
1619
31651
30007
21089
6622
12394
18413
18780
8404
11279
9896
11891
2813
18830
16768
28203
23640
24630
10394
21987
29525
16650
25597
7261
32580
9064
15777
21370
15118
17640
29129
10053
16419
16519
14739
3635
1459
24837
25550
20138
24609
29323
28683
32191
5301
22417
24567
23364
21905
25855
13032
12034
14822
18834
16309
2883
1639
1154
24779
6292
23038
12130
9853
20168
4798
8007
924
16192
32538
8492
10312
21610
12116
21909
32517
10888
31544
28531
18
26035
4105
23112
20214
10527
6844
2955
22107
5024
25188
846
22047
25965
26350
16414
6057
13093
22542
10795
15481
18959
30841
14761
23299
10662
16725
23669
23998
13909
23021
24316
22648
2431
14250
23641
18412
706
31295
31165
28566
32381
22563
28948
18886
21903
12100
12005
15860
2658
3578
1914
4435
18217
18489
18242
17832
4453
27916
8819
23133
22190
12350
18419
9169
14000
7258
7033
11507
11892
8407
23280
22287
2273
20620
13084
11240
14466
25706
1919
5638
32393
22121
29054
29521
788
10435
15040
13791
17072
11617
22231
1803
29979
24978
8226
8391
20815
12803
23537
20787
21179
15084
18923
23662
25556
22663
17069
12459
4556
7110
10676
8328
11681
30533
13949
6044
32346
14462
22762
32079
26766
8508
15592
14831
12069
13650
12623
4608
12642
4236
30218
19411
18978
22758
13687
21338
13406
8444
11536
20538
6391
20162
18764
25122
10675
23157
14528
30555
28034
31185
14986
29089
8711
2949
11247
3378
22099
22244
6467
15908
8948
29661
22025
30715
9006
28461
24668
4987
5000
32467
5006
18107
14731
23236
28174
25467
30918
3553
28303
20407
14613
21286
19558
27773
547
21284
3892
24315
28718
21937
18886
28636
26122
15326
31801
29909
8297
22057
24930
30842
3673
27380
11117
5207
4878
310
29635
12604
5346
17265
25138
8664
32154
3812
20296
19337
4075
769
26111
20851
13885
9505
2208
30160
11950
27767
31969
9606
14426
19010
9040
25087
9690
583
15861
32053
30986
26495
2611
23564
27663
20749
12784
13029
2969
23410
22518
28784
18022
18948
17304
19137
5640
7325
28568
8871
9447
11664
72
12601
5513
27617
25840
13233
20241
1461
10352
2430
29446
5895
13606
30868
24662
12445
4114
3079
26523
19258
20280
16600
5276
31510
20294
29967
12567
30603
27767
19721
25790
19217
17079
788
5759
16236
14600
21817
29448
23076
23588
1369
15499
32054
19556
8060
18366
9
17120
31333
18983
21667
29144
9834
23958
3357
17491
16002
23795
21844
16645
20384
32313
13538
5238
19007
19907
11597
1633
12862
28359
2173
24154
239
17696
27508
31668
28011
27728
313
9378
3880
8133
21013
20636
3789
30811
6914
29189
22852
8995
14689
778
2321
30051
32491
22989
31203
477
490
1987
14953
4948
15785
18522
20583
12365
5929
17120
777
3091
6677
9120
8055
2301
504
20558
27561
12275
25518
15269
15229
16687
2841
7246
23559
16961
24853
2820
18728
11606
28077
19446
24930
9657
19087
18284
3050
21914
6589
30126
1279
22799
21638
16930
17531
23128
1717
10676
12968
17255
18952
6266
8020
10400
5603
19096
12072
20701
14150
13410
13109
32437
1277
13761
7888
24318
9238
7384
4000
16528
28824
15335
7157
31052
24178
5743
23387
7261
26290
27031
23920
26046
21751
5070
754
32508
2345
8114
27932
318
359
30256
30515
22658
16449
31725
28252
27689
25384
7653
31664
12470
32034
4435
29842
1747
2499
19152
1344
2965
3160
28862
27049
15872
12133
19687
10367
7630
30802
354
1164
10092
25441
1207
6217
20806
31715
10562
20397
28228
17580
13277
13379
6548
1220
17849
16255
4011
19551
7565
10066
6278
17935
29683
22780
26422
10297
30478
5666
4763
23238
10609
26656
2928
9498
10300
23968
13191
30794
7304
18028
31318
10633
23558
24960
8883
12516
31970
12644
5596
16432
24814
27320
26554
17984
31740
12560
28775
12891
22923
5635
7917
3052
9639
3711
26961
12924
15626
21087
32208
23006
2183
23104
6504
5801
10153
28560
10138
3820
11927
743
3951
8988
31546
15515
20921
9041
26018
31631
23707
25778
20390
13899
14411
19246
22475
29266
28951
7022
13160
17839
25254
10503
29703
5842
18561
13555
15373
3738
14289
4162
9886
28851
26219
22285
26299
20002
25353
22444
25005
17950
8922
31272
18599
18722
2110
15347
30119
4672
18122
5079
3997
19128
18579
21037
14799
3017
30889
20815
21116
12999
5857
2640
1215
15214
30936
25066
12727
5238
23604
16823
29925
8807
11821
20900
18389
25775
27725
26020
2305
28914
627
29601
27122
14497
18974
9656
2216
19662
3816
23717
14396
5183
15441
13948
15556
10177
6334
28059
32375
18622
12738
9180
30738
9746
23963
28175
25722
25371
30208
13223
28578
5391
12314
14003
28335
10899
13776
22544
25434
29065
25671
27613
20118
12073
21417
12848
5747
32339
3110
18439
835
26659
3129
9346
6139
27335
1069
30287
18908
25229
27359
30053
23378
2368
20421
31989
24092
32693
3631
413
8365
5537
17869
14304
2770
17325
15474
32467
11670
3021
3351
25368
2659
13261
18467
19984
21865
3629
26858
13645
14147
17710
17523
24134
20952
23597
21886
2639
3200
23344
2501
7880
27497
22719
29827
7572
30264
22005
2611
461
29171
8406
18842
21685
29214
12515
30215
3824
1316
12780
18138
6641
32761
12582
12355
1459
11518
8317
10572
18089
25125
9259
4890
4087
16981
24202
9583
7650
11792
11814
1140
1157
10067
4631
25526
22214
11453
10382
23150
14729
20468
31661
19717
14116
2885
4252
4055
26386
6794
27865
10040
15851
23377
1487
18612
6547
30778
20139
411
23986
25505
22635
9918
13413
25981
14391
29043
18228
16520
10229
28127
1091
12961
5400
7796
17356
21614
4536
30904
25036
7237
23528
8008
8189
2125
28484
32029
25605
13280
21705
9743
9709
23604
9450
8343
8916
6203
28639
31961
10213
18375
65
23778
2438
32242
11220
21038
6866
27325
9892
13421
14666
2039
3155
21894
16583
3425
5041
14045
31668
28687
8333
9170
25465
28945
10187
21898
17722
32595
6583
1009
7874
28866
18073
2047
18362
22192
29066
29499
15135
29050
1413
16510
5363
1896
8385
506
6194
8916
27198
12410
20743
31631
26014
32747
10048
3968
14647
23836
29952
11918
6758
30914
30131
32193
21542
959
8519
13731
7137
164
18330
8173
10374
20084
46
6239
16347
20651
16932
5360
11797
22654
14440
31015
23462
13157
9769
14537
30038
727
28556
3508
23189
16724
6817
17675
17935
6313
23702
26515
25730
28016
1834
16733
19916
17366
27237
3238
5193
24993
32390
17403
24155
20849
27198
24481
15946
11077
14619
563
15439
17986
22087
22669
18155
14256
8050
12521
32125
17222
9229
3400
2324
8359
25785
13588
30594
14892
9983
2563
19634
18660
12609
9278
15931
29145
752
31171
19764
18581
23808
5383
12875
23269
11929
7904
20497
10717
14864
16291
8088
13340
1557
7049
19264
30034
28462
28248
27598
32511
28004
2623
7102
3709
25147
15873
21723
17472
744
26198
19468
24669
12991
11918
16241
10313
25067
17527
27310
23011
17505
897
5511
20405
29975
23328
28846
14967
22896
29810
13528
5077
22779
23330
14358
11891
15710
11660
28003
1837
20109
6177
633
15267
32576
8205
4074
18933
15779
280
3947
32203
15439
8906
3187
11929
18297
26835
17157
13089
31337
25258
8393
11833
26926
7795
23650
6350
4753
8998
5884
11561
11847
21998
15396
6001
11115
20175
5085
3953
29483
24716
15088
16284
17345
22472
30083
7502
14245
13675
4077
5717
19712
26695
16841
14256
356
18940
18249
12694
21947
25368
9422
23739
20094
14979
18613
9422
17448
13339
32627
31814
6121
17051
28132
15710
8350
28865
1504
7262
25601
1456
10512
3869
28701
18579
28159
19908
26886
10115
15220
20692
7878
17835
11776
28779
16282
13481
31699
2243
31327
23864
19155
18427
9543
23308
11504
2330
15568
20478
14001
24657
20215
29289
25619
15488
9896
23252
16276
16892
19322
21713
32651
17040
10649
14116
3514
30401
30211
1832
11558
23638
8952
27503
12839
24088
30891
12713
187
10455
9790
27591
17695
20909
24301
26720
6817
12679
22410
2643
5296
6624
14377
17326
24117
18128
22044
14286
25382
12870
18978
18632
14423
11409
14043
5128
13716
24102
21375
8760
30190
5789
3792
20068
12882
3324
24141
10331
10848
30008
3497
22104
3961
3833
8827
14817
9754
4510
10295
23536
4457
6529
30813
25681
32014
31356
21232
8267
6468
7084
23338
23682
7472
16500
19566
5660
17265
25285
31614
18211
29944
669
30702
21034
5658
3790
25049
20788
10723
19201
18386
19409
16302
22266
8477
6282
24306
15134
14368
28031
25951
7730
6420
25679
2858
2149
22784
30008
421
22417
18664
11648
24594
18622
26945
9491
21177
15080
12713
30573
16440
3842
213
17338
22811
18746
18635
30780
17836
22399
19281
27886
26124
8512
31397
4455
22659
17527
21102
12800
14869
9191
15603
6201
21846
10913
22667
2649
13183
26829
12628
28245
17344
28071
17192
5107
3288
712
22477
27183
7396
11431
5484
9182
11124
5215
20805
3985
8676
16051
31392
9916
32234
13391
12807
6168
17003
32592
24754
20805
27283
8711
25667
19380
4900
27386
8884
8388
19982
18988
6797
10539
21569
2975
17242
11160
2495
6934
21084
24215
2037
13599
14207
16820
8779
10577
26252
4579
6394
4563
16544
23839
28189
9246
12765
31058
4364
32515
22367
25205
21477
6639
16753
17400
24427
14702
9729
12644
6420
3310
5970
21055
12125
22982
4849
1328
16481
22390
31978
15971
20138
8496
23355
9519
30791
24728
25993
13558
9246
5577
15634
25933
6532
8344
24803
7517
13835
28444
12875
30345
13723
30062
7567
4690
16581
21165
15071
1911
13651
18245
31625
10848
23844
24689
14189
13500
1847
31999
11953
4202
14085
3924
21430
18837
24084
16559
29002
27684
21449
22962
287
20561
32638
5150
18043
6807
26836
14814
306
29394
8778
13639
19666
13986
16911
30366
29
11024
23829
21210
8380
29044
14439
16300
16177
17302
9404
4285
20238
15123
14412
6711
20324
10242
23266
23686
22399
15064
22579
7520
23504
1417
27758
4610
16171
6128
32532
32445
1075
15217
10
28594
13074
4573
6893
28378
18285
7061
13477
23369
14998
26867
26429
17843
32260
31461
28657
30255
31233
5851
17289
32571
25763
4580
15590
512
1277
22291
6619
2008
13974
11560
14910
5390
16667
32620
21822
22757
22608
11741
6390
7899
22604
10379
26691
25902
4582
23106
10963
15520
15211
9833
25471
21879
22930
32298
219
24009
13489
20692
7179
5366
11824
23421
6616
14454
2622
7147
25091
11733
452
27317
8408
3579
12439
165
18183
30129
13298
27489
15280
16225
3363
13642
29885
2589
7300
17573
26996
12771
18605
13817
4940
7456
9704
13751
28928
882
12774
7456
16355
4530
30640
22116
24435
3890
12255
19463
4912
26691
12560
26505
5807
16891
17555
25414
14314
31541
13155
29595
27610
16088
8027
2890
4424
2909
31910
16160
21984
21387
16248
3285
29063
7301
4603
2355
11246
15623
9869
14714
24679
8685
31272
7172
29688
15349
6945
9253
29102
31429
18454
11605
16692
31024
31522
10641
11172
16053
13650
3838
8861
14920
7773
18640
32150
23126
19599
12138
8562
26115
18695
19398
18004
31670
9250
27160
20404
22743
11831
16302
27315
20183
10373
10267
26283
2417
617
15764
31755
2608
30421
20634
30050
32050
7677
730
28345
19243
18259
2385
7974
3244
12214
22963
24734
17062
26598
18190
27147
30762
32572
20906
28574
12658
18072
11829
7527
19493
16282
18460
8227
13527
3093
17212
12373
5583
29120
16570
21400
25358
17967
27439
18483
26509
22274
3593
20206
14277
8797
15406
18212
11636
29592
18914
20762
20639
14391
7658
27279
20947
8476
7665
14740
31153
25595
14892
31134
12714
12559
23610
16090
2566
12555
15694
960
24875
8020
26511
13547
4124
21613
26303
12072
16448
21682
27675
25549
20069
14154
27011
5964
24324
31063
26587
28167
1990
4463
7345
15206
12872
22352
800
18215
7195
5071
31732
31990
6160
19730
14606
14910
29874
8959
30731
11838
11283
20468
20512
95
16588
8633
5960
12485
27711
32435
8866
26404
543
19290
26132
9173
11571
17389
14133
1833
26966
7780
14186
8957
24259
2214
10575
2702
655
22268
13656
5263
8311
30405
25016
889
12764
31084
16769
2083
9740
19352
7949
21138
32707
27810
9630
9490
27634
14924
20033
7557
13758
9392
5112
10492
15308
24182
13079
21892
19132
23882
30703
30275
243
16013
24746
19907
8094
25675
5750
12941
27891
24174
486
25082
3002
29745
32404
30022
27661
25047
29196
11494
14684
7836
18917
1563
27060
16108
9521
20168
21056
18131
11544
11137
25872
181
24767
17380
31769
11327
22639
2348
21885
6557
17395
19203
9485
1261
10305
3736
24332
17908
8285
23538
8246
10256
9595
30084
22273
32366
8804
11777
4643
18557
22042
20593
6228
31395
18879
20101
11605
16174
23987
10535
10289
17293
12797
18262
16067
26048
28140
12081
10872
22029
11005
21841
2647
245
1792
30300
9790
21862
8567
11991
30574
15154
2111
17724
6729
19904
22386
23117
3419
12034
4235
29607
24984
1702
27851
5274
16356
401
11996
22840
26585
25993
14261
18348
3012
3377
25277
19406
11760
24635
27955
4340
25384
7129
27853
11786
7799
32628
6559
22501
27186
12705
28479
3540
12856
29009
26919
29816
889
26439
24154
21206
25781
11216
16459
26027
11398
21678
16634
31999
30881
8021
9312
6141
10841
2906
16653
29442
3173
31016
29712
15348
1506
8437
3095
24789
32412
30196
28631
11416
22665
18892
942
9779
8854
17482
4743
26101
26790
850
15871
21786
17624
30492
14790
2973
5641
20125
22087
16461
32667
2114
7819
32547
5748
31460
3418
6611
24393
27385
7588
1697
540
7
14880
8566
22275
11871
20531
819
12332
26887
2579
25413
1310
12280
29740
14202
25409
20105
4547
1554
18337
24108
9433
7706
17903
24920
11602
10741
8393
2758
25430
20540
14138
1248
12536
22216
27525
19831
28437
31756
26398
31156
27007
31400
24570
30289
28251
27452
17160
6152
27848
30842
26624
4172
26306
6528
12891
6712
14917
18020
17314
29637
1461
23312
8940
30527
11133
7248
32163
26874
14583
4905
25990
19777
13452
12909
12276
23183
5916
31372
23143
23554
29855
4013
6207
6156
6157
30205
28097
3948
5756
26695
31839
10332
7560
31942
25657
6668
248
3127
24293
11344
19359
3889
30571
8085
22399
26041
916
20762
12597
15634
16997
28509
19089
2002
17382
21203
16516
15419
32296
20187
14399
19655
13189
3829
6041
3845
3626
21551
7345
1188
5331
9953
6357
15053
23766
20634
21155
13239
7523
12890
21358
3701
2058
19202
9188
24850
2685
520
15341
30943
23960
2671
10710
29964
1438
29175
13486
28534
10182
12433
32240
10176
22774
19477
26211
25765
18894
25655
14911
32652
29672
15032
26769
20061
11358
3033
18912
24468
16269
19221
14865
15508
31257
6159
2440
9789
17202
32714
2448
32704
11285
24088
14333
23474
6357
29525
19984
24416
26203
596
13978
28771
12715
2714
12132
24692
9322
29386
6607
2945
27293
14177
16056
7168
13748
29091
2462
27011
28871
19158
32519
9612
2591
12205
29215
19107
30200
22535
15779
423
20101
30426
1021
29026
13621
9833
15025
11359
22837
25790
1271
12544
18230
13396
8617
12235
26224
13588
28768
3077
18151
18818
20955
19074
9453
7225
26528
25275
17896
6549
30437
9761
4693
12719
29360
12721
4365
30350
28990
7625
10183
27291
4258
24634
17631
4950
3758
5278
22102
9288
6166
7916
12825
22072
4819
23625
21382
16034
26566
22049
4652
15205
3998
11127
13778
18108
26363
9337
3003
18287
3539
9304
24873
12619
22038
27990
1824
2511
1421
27425
17260
9512
28424
30559
21222
12128
9912
19594
24818
21970
21978
6910
6220
9441
29077
29776
12549
28137
22822
226
8136
18806
7994
13236
19042
2484
667
28797
25985
12583
23055
22523
24508
16796
30590
11911
32212
30560
18002
4332
3130
17583
10531
27513
18897
8559
23188
26453
28660
799
21880
16915
31675
4362
2106
17286
7290
26816
22395
17879
27531
1734
13308
980
20814
10125
18367
8587
15213
13473
32361
8984
2149
4643
27883
17851
19522
24697
23649
28462
21161
1604
31802
10037
540
5778
32666
20342
1146
26454
10748
3467
22725
27669
3868
6998
12840
10465
2580
29076
18489
20875
12229
181
31867
26901
16504
27628
31015
30054
23749
31362
11564
6977
437
13167
18804
13944
4131
22315
9065
16989
25448
11202
8376
9850
15159
20263
4180
15234
31941
970
5311
7303
3885
11116
901
6252
22292
25650
24073
22430
5512
31737
18307
2559
11822
11754
7242
12579
6301
24142
3663
23231
261
18595
27370
24414
23572
21487
28122
31062
29210
340
17799
18427
9579
10469
11401
4882
30725
30904
15470
25225
5234
27196
23992
15973
24048
8653
31014
11003
19408
27782
20021
13667
5148
20567
4837
9258
27004
25175
16576
8263
20570
22363
13081
27216
20293
711
31378
28654
32403
14244
2529
21903
15179
16371
8147
18522
322
24129
4752
11368
12419
3452
24610
31537
16884
29445
10289
26180
12087
14086
29456
4668
4559
14086
27134
32239
15748
18107
25765
27112
23048
29471
28647
21528
16346
31686
12762
23496
7275
30318
20241
8658
8576
20696
13598
30993
17367
9430
28244
31510
19725
4774
25298
21788
17599
5502
10941
24894
29936
1640
21964
24552
3498
16720
19466
25996
11240
8283
11223
20630
18356
16763
18736
23457
19853
19009
12849
8171
26379
7666
23768
7174
14022
14812
25100
4817
2931
11242
27102
22183
20048
22391
11534
21718
12483
31840
12241
30035
23869
13405
6609
8876
12133
23185
20342
3645
14195
4447
12388
1191
3289
23168
8005
26238
13353
30034
14024
6466
7219
30579
20457
1169
30317
21391
15732
28570
28313
17014
24772
21205
1441
17010
31697
29170
5062
8407
25706
21007
13817
16859
31934
24621
10889
6824
5409
23525
24831
4528
6925
23127
16711
14657
14695
30052
28176
6233
19972
31517
1652
30139
22636
12666
10972
22850
17886
592
18718
14198
16020
9085
29673
31581
22599
3941
18787
25236
20982
24995
11536
24477
15588
27640
22774
30331
14048
6023
2559
18300
6600
26181
19358
15447
17488
10411
9909
2934
24576
15278
14263
1429
18556
25328
28682
24972
30728
4920
1711
31337
7499
16672
23588
13250
15955
2061
21897
30794
3290
15716
29443
1697
20424
17403
9566
113
1529
13262
9974
28598
9791
10740
23511
13917
8363
21713
32035
7185
1288
4236
5044
28242
29353
10179
1539
26311
13669
3198
15688
19413
13279
7522
9699
32624
4875
19240
3835
28721
13037
12877
11621
8361
26788
32010
17863
14582
6568
8582
16893
22163
7248
20555
13755
3701
407
9974
5748
21843
11295
31539
10875
16965
22646
20969
29545
24464
31385
22194
6078
32192
5302
26510
4043
15608
27446
2264
6607
16519
14843
21881
14688
16571
20198
16219
17932
28410
11677
13345
19777
24590
8331
31253
19306
28865
23336
22881
91
22698
4474
25987
25327
24390
10460
31483
30703
26443
26110
17734
4150
17464
15405
24848
12819
3633
8660
28326
12783
26634
3651
10410
15920
27554
1200
21258
25181
12402
20603
5682
17794
8293
22199
6785
10198
3818
8421
30714
25499
17992
1282
20029
30022
32563
3781
6325
20192
30364
3618
4882
31404
5581
28434
16890
20746
24756
16022
29691
17819
7807
249
20165
4006
28778
15702
15510
12730
19157
25179
19957
9365
1178
26700
25507
10565
28829
21579
13519
1677
13733
214
1417
13706
22634
20369
8569
16790
11247
10310
28369
24429
7185
26922
11648
32655
1632
11362
13993
24549
5423
1733
20563
24742
20711
9188
26978
8316
23457
25415
20934
9187
2803
23290
17138
3026
21513
25417
19599
8094
15864
4039
31090
11803
20048
14741
16588
2564
9200
32480
6049
9629
13343
23468
13948
4502
24024
16336
26464
25395
18276
17986
28673
17834
14895
29077
27700
15053
28884
4544
11429
20200
2938
14113
28104
17389
7779
22210
31506
30670
3778
986
4712
2603
12749
25239
7128
1325
25108
14362
2439
3506
32529
15300
29674
24234
2816
3504
17977
5056
23281
30336
3873
1854
3355
21597
18874
18218
14707
22841
12984
26037
4221
32343
32229
10455
23650
20750
32719
23859
6212
31946
8125
20544
4558
13907
9704
13738
18703
27730
14824
31734
648
24849
9581
21606
16259
4482
12079
29212
4263
3459
8744
17537
30410
9568
21760
12520
17926
4249
17865
3951
16143
29158
7660
28454
21187
23673
12899
25972
17411
16003
21545
27830
7106
21753
1263
5672
9051
3224
25617
4873
22824
29735
26568
22778
4944
9212
13985
26024
17632
16065
13614
26026
6430
28536
7163
17069
22810
2237
10691
23758
20357
10571
17892
29511
7878
2498
10001
78
15691
22440
21063
3130
3101
16813
1538
15336
15288
6451
26032
7773
29465
11533
31078
32172
27928
16775
21970
14106
32760
18855
113
24193
17213
17843
25601
12530
18365
27379
26938
6814
5626
30904
1977
21495
26287
24222
25405
23058
18857
6157
18709
18000
11992
24838
8665
18749
1446
10268
11097
19640
26247
25024
3795
341
31442
8386
10089
23295
5839
6165
3281
16610
14865
27091
13903
29832
27142
26496
18912
29761
6860
10131
27576
23753
6726
5170
8687
3621
12656
22334
8312
6094
28655
18319
4434
12305
21997
15233
11522
15030
20515
25775
14144
8928
14903
6398
13297
3124
23369
11486
26709
7997
4297
17100
31874
29967
7051
13339
20753
26155
17181
30453
23831
16547
17240
9629
10327
10623
14389
2806
13749
11614
31714
22601
29166
17505
11029
26691
31367
19780
17313
13117
20739
17358
4423
22721
20057
13932
23758
25161
27301
16153
4437
9033
11550
896
19433
23152
22600
101
2387
30763
9835
************************
17734
17724
17722
17710
17707
17699
17696
17695
17693
17687
17682
17675
17670
17668
17660
17653
17640
17632
17631
17629
17626
17624
17623
17620
17617
17612
17610
17601
17599
17589
17584
17583
17580
17573
17561
17560
17556
17555
17546
17541
17537
17531
17527
17527
17523
17523
17518
17505
17505
17504
17501
17491
17488
17482
17481
17479
17474
17472
17472
17471
17470
17464
17451
17450
17448
17447
17444
17441
17441
17428
17420
17411
17408
17403
17403
17400
17395
17393
17389
17389
17387
17382
17380
17367
17366
17366
17362
17360
17359
17358
17356
17345
17344
17343
17342
17338
17333
17330
17326
17325
17325
17324
17319
17317
17314
17313
17313
17312
17310
17310
17305
17304
17302
17300
17293
17289
17286
17279
17270
17265
17265
17260
17255
17242
17240
17230
17222
17213
17212
17202
17193
17193
17192
17189
17189
17183
17181
17161
17160
17157
17156
17150
17138
17132
17129
17125
17124
17123
17120
17120
17116
17114
17113
17109
17106
17100
17099
17096
17089
17079
17079
17079
17072
17069
17069
17063
17062
17062
17059
17051
17043
17040
17040
17035
17032
17028
17025
17023
17021
17014
17014
17013
17013
17010
17007
17003
17001
16998
16997
16996
16993
16989
16981
16972
16965
16961
16955
16939
16932
16930
16918
16916
16916
16915
16914
16913
16911
16907
16893
16892
16892
16892
16891
16890
16884
16883
16882
16877
16862
16859
16858
16854
16853
16841
16823
16820
16813
16800
16796
16790
16775
16769
16768
16763
16760
16756
16753
16751
16733
16725
16724
16720
16720
16719
16718
16711
16710
16700
16694
16692
16687
16672
16672
16671
16667
16665
16663
16653
16650
16648
16646
16645
16643
16634
16625
16610
16604
16602
16601
16600
16591
16588
16588
16583
16581
16580
16576
16571
16570
16563
16559
16550
16547
16546
16544
16541
16537
16535
16528
16528
16526
16521
16520
16519
16519
16516
16510
16504
16500
16500
16499
16489
16486
16481
16473
16461
16459
16453
16449
16448
16440
16433
16432
16419
16414
16412
16407
16397
16380
16378
16371
16371
16370
16356
16355
16347
16346
16344
16336
16335
16332
16330
16324
16311
16310
16309
16307
16302
16302
16301
16300
16294
16291
16284
16282
16282
16282
16279
16276
16269
16269
16263
16263
16260
16259
16255
16248
16248
16241
16240
16236
16229
16225
16219
16211
16208
16206
16197
16192
16183
16177
16174
16171
16165
16160
16158
16153
16144
16143
16139
16124
16115
16108
16095
16094
16092
16090
16088
16084
16083
16074
16068
16068
16067
16065
16056
16053
16051
16046
16040
16039
16038
16034
16033
16029
16026
16022
16020
16017
16013
16004
16003
16002
15996
15976
15973
15971
15971
15955
15948
15946
15945
15941
15934
15931
15926
15920
15918
15909
15908
15905
15904
15895
15885
15873
15872
15871
15869
15864
15861
15860
15853
15851
15849
15848
15844
15844
15839
15837
15832
15827
15826
15821
15819
15818
15813
15806
15805
15796
15789
15785
15785
15784
15780
15779
15779
15777
15765
15765
15764
15764
15751
15748
15742
15733
15732
15730
15716
15710
15710
15708
15705
15704
15702
15694
15693
15691
15688
15647
15646
15640
15634
15634
15629
15626
15623
15608
15608
15603
15598
15597
15593
15592
15590
15590
15589
15588
15580
15568
15568
15568
15561
15556
15544
15521
15520
15515
15510
15510
15508
15500
15499
15491
15491
15490
15488
15481
15474
15470
15457
15448
15447
15441
15439
15439
15434
15434
15419
15417
15414
15407
15406
15405
15396
15378
15373
15373
15368
15367
15366
15354
15351
15349
15348
15347
15341
15336
15335
15331
15329
15326
15308
15300
15294
15289
15288
15285
15283
15281
15280
15278
15277
15269
15267
15263
15257
15246
15234
15233
15232
15229
15220
15217
15214
15213
15211
15210
15208
15206
15205
15196
15194
15191
15188
15179
15174
15171
15164
15159
15157
15154
15150
15145
15141
15135
15134
15126
15124
15123
15120
15118
15092
15088
15088
15084
15080
15077
15071
15065
15064
15061
15053
15053
15049
15044
15043
15040
15039
15032
15030
15030
15029
15025
15021
15014
15010
14998
14986
14980
14979
14979
14976
14967
14967
14966
14959
14958
14956
14953
14944
14944
14933
14933
14930
14928
14925
14924
14920
14917
14911
14910
14910
14903
14895
14892
14892
14889
14887
14884
14880
14878
14869
14865
14865
14864
14853
14846
14843
14842
14839
14831
14831
14824
14822
14821
14818
14817
14816
14814
14812
14812
14804
14802
14799
14791
14791
14790
14788
14784
14784
14784
14761
14761
14758
14751
14745
14741
14740
14739
14732
14731
14729
14714
14707
14707
14702
14695
14694
14690
14689
14688
14688
14687
14684
14678
14666
14657
14653
14647
14647
14637
14628
14619
14619
14618
14614
14613
14613
14606
14600
14600
14595
14589
14585
14583
14582
14578
14576
14574
14571
14563
14543
14537
14535
14535
14528
14528
14528
14527
14527
14523
14503
14497
14479
14471
14466
14462
14457
14454
14451
14448
14440
14440
14439
14432
14428
14426
14423
14412
14411
14399
14397
14396
14391
14391
14389
14377
14368
14366
14363
14362
14358
14354
14340
14339
14333
14314
14307
14304
14293
14293
14289
14288
14286
14285
14281
14278
14277
14269
14263
14263
14261
14256
14256
14250
14245
14244
14243
14235
14231
14224
14222
14219
14215
14209
14208
14207
14203
14203
14202
14198
14195
14191
14191
14190
14189
14186
14185
14177
14157
14154
14150
14147
14144
14142
14138
14137
14134
14133
14131
14123
14119
14119
14116
14116
14113
14113
14106
14104
14094
14091
14090
14089
14086
14086
14085
14060
14058
14051
14049
14049
14048
14047
14045
14043
14024
14024
14022
14003
14001
14000
13993
13986
13985
13983
13978
13977
13974
13972
13971
13955
13949
13948
13948
13946
13944
13942
13937
13937
13932
13932
13924
13917
13910
13909
13907
13907
13903
13900
13899
13898
13893
13885
13876
13874
13859
13854
13851
13835
13817
13817
13800
13791
13778
13776
13761
13758
13755
13751
13749
13748
13738
13737
13733
13731
13728
13725
13723
13716
13714
13706
13702
13697
13687
13675
13671
13669
13667
13663
13660
13659
13656
13651
13650
13650
13645
13642
13639
13636
13629
13628
13621
13617
13614
13612
13606
13599
13598
13592
13588
13588
13580
13568
13558
13555
13554
13547
13542
13538
13536
13532
13530
13528
13527
13519
13500
13489
13486
13481
13477
13473
13460
13458
13455
13452
13447
13447
13445
13443
13438
13437
13430
13429
13421
13413
13411
13410
13407
13406
13405
13396
13391
13389
13387
13384
13384
13382
13379
13373
13362
13359
13358
13353
13345
13343
13340
13339
13339
13318
13308
13306
13301
13298
13297
13291
13286
13280
13279
13277
13275
13268
13262
13261
13250
13247
13247
13239
13236
13233
13224
13223
13222
13220
13213
13209
13206
13197
13196
13192
13191
13189
13183
13175
13170
13167
13165
13162
13160
13157
13156
13155
13150
13145
13117
13116
13115
13109
13109
13104
13104
13103
13093
13089
13084
13084
13081
13080
13079
13076
13074
13051
13042
13037
13035
13032
13029
13014
13006
13001
12999
12996
12991
12991
12984
12972
12969
12968
12963
12961
12953
12949
12949
12947
12946
12941
12925
12924
12922
12920
12920
12914
12912
12909
12906
12905
12900
12899
12891
12891
12890
12885
12882
12877
12875
12875
12872
12870
12862
12856
12849
12848
12847
12841
12840
12839
12837
12835
12830
12825
12819
12816
12813
12807
12807
12807
12805
12803
12800
12797
12797
12784
12783
12782
12780
12780
12776
12774
12771
12765
12764
12762
12756
12754
12749
12741
12738
12736
12733
12730
12727
12721
12719
12715
12714
12713
12713
12708
12705
12702
12698
12694
12679
12679
12675
12674
12666
12665
12664
12660
12658
12656
12653
12645
12645
12644
12644
12642
12628
12623
12619
12610
12609
12605
12604
12602
12601
12598
12597
12597
12596
12596
12583
12582
12579
12570
12567
12564
12561
12560
12560
12560
12559
12555
12549
12544
12539
12536
12534
12533
12530
12521
12520
12518
12516
12515
12515
12500
12495
12487
12485
12484
12483
12482
12477
12476
12475
12473
12470
12459
12458
12447
12445
12445
12440
12439
12438
12436
12434
12433
12431
12425
12420
12420
12419
12411
12410
12409
12402
12401
12400
12399
12396
12394
12392
12388
12384
12384
12380
12373
12365
12355
12351
12350
12339
12333
12332
12332
12328
12320
12314
12305
12300
12282
12280
12279
12277
12276
12275
12259
12257
12255
12249
12241
12235
12229
12229
12227
12215
12214
12207
12205
12198
12195
12195
12180
12179
12172
12163
12138
12136
12136
12133
12133
12132
12130
12128
12125
12124
12118
12117
12116
12105
12100
12099
12094
12087
12081
12081
12079
12077
12073
12072
12072
12069
12054
12050
12041
12034
12034
12023
12014
12012
12005
11996
11992
11991
11982
11970
11953
11950
11948
11947
11940
11939
11934
11929
11929
11929
11927
11923
11922
11918
11918
11918
11911
11905
11899
11895
11894
11892
11891
11891
11874
11871
11859
11849
11847
11838
11838
11836
11835
11833
11832
11831
11829
11824
11822
11821
11814
11812
11807
11803
11797
11796
11792
11792
11786
11777
11777
11776
11776
11773
11760
11754
11741
11738
11733
11720
11710
11708
11691
11691
11686
11681
11677
11670
11664
11660
11651
11648
11648
11645
11636
11636
11621
11617
11617
11617
11614
11608
11607
11606
11605
11605
11603
11602
11600
11597
11571
11570
11570
11569
11564
11561
11560
11558
11550
11544
11542
11537
11536
11536
11536
11534
11533
11522
11522
11518
11507
11507
11504
11495
11494
11494
11493
11486
11482
11474
11453
11444
11435
11432
11431
11429
11416
11409
11408
11401
11398
11392
11369
11368
11362
11359
11358
11357
11344
11342
11339
11336
11327
11326
11322
11322
11320
11315
11295
11285
11284
11283
11280
11279
11279
11263
11247
11247
11246
11242
11240
11240
11238
11238
11231
11223
11220
11218
11216
11207
11205
11202
11202
11200
11190
11172
11172
11162
11160
11137
11133
11127
11124
11122
11117
11116
11115
11113
11104
11097
11094
11091
11085
11077
11076
11072
11063
11057
11054
11052
11043
11042
11041
11038
11037
11036
11029
11024
11022
11022
11012
11006
11005
11003
11002
11001
10989
10987
10986
10985
10980
10972
10967
10965
10963
10957
10954
10950
10941
10930
10922
10916
10913
10911
10899
10898
10889
10888
10877
10875
10872
10848
10848
10841
10841
10833
10822
10814
10808
10806
10795
10782
10772
10748
10748
10741
10740
10732
10731
10724
10723
10719
10717
10717
10710
10709
10704
10700
10694
10691
10691
10691
10676
10676
10675
10669
10668
10662
10651
10649
10641
10633
10623
10619
10617
10615
10612
10609
10607
10601
10585
10579
10577
10575
10572
10571
10565
10562
10557
10556
10556
10553
10550
10539
10537
10535
10535
10531
10527
10523
10523
10512
10512
10507
10503
10499
10498
10492
10488
10486
10476
10475
10470
10469
10465
10465
10460
10459
10457
10456
10455
10455
10453
10435
10435
10411
10410
10400
10394
10392
10387
10383
10382
10379
10374
10373
10373
10367
10365
10355
10352
10351
10344
10334
10332
10332
10331
10327
10327
10321
10314
10313
10312
10311
10310
10305
10304
10301
10300
10299
10297
10295
10294
10289
10289
10289
10280
10279
10273
10268
10267
10267
10256
10254
10253
10250
10242
10242
10238
10232
10229
10226
10225
10222
10220
10218
10213
10198
10197
10187
10187
10184
10183
10182
10179
10177
10176
10171
10170
10153
10141
10141
10141
10139
10138
10131
10131
10130
10128
10125
10122
10115
10110
10107
10092
10089
10081
10077
10071
10067
10067
10066
10053
10050
10048
10046
10040
10037
10037
10028
10011
10007
10005
10005
10001
9993
9983
9983
9974
9974
9970
9968
9954
9953
9945
9933
9918
9916
9912
9911
9909
9905
9902
9896
9896
9896
9892
9887
9886
9878
9869
9868
9863
9853
9850
9849
9841
9837
9835
9834
9833
9833
9830
9816
9801
9791
9790
9790
9789
9788
9779
9778
9776
9769
9768
9766
9761
9759
9754
9751
9749
9746
9745
9743
9740
9729
9729
9727
9709
9707
9704
9704
9699
9699
9696
9695
9690
9668
9667
9662
9657
9656
9656
9644
9640
9639
9634
9630
9629
9629
9620
9616
9616
9612
9608
9606
9595
9586
9583
9583
9582
9581
9579
9579
9577
9575
9568
9566
9554
9543
9540
9534
9525
9521
9519
9514
9512
9505
9498
9491
9490
9485
9478
9472
9453
9450
9447
9444
9442
9441
9440
9433
9430
9422
9422
9422
9416
9404
9392
9391
9381
9378
9365
9355
9348
9346
9343
9342
9340
9337
9322
9318
9317
9313
9312
9308
9304
9290
9289
9288
9278
9259
9258
9253
9250
9246
9246
9246
9238
9229
9227
9217
9212
9211
9211
9205
9204
9200
9191
9188
9188
9187
9182
9182
9180
9179
9173
9170
9169
9161
9159
9159
9148
9136
9120
9120
9110
9108
9101
9095
9088
9085
9084
9083
9071
9065
9065
9064
9056
9056
9055
9053
9051
9049
9041
9040
9033
9014
9008
9006
8998
8995
8988
8984
8968
8962
8960
8959
8957
8955
8955
8952
8948
8940
8928
8928
8922
8916
8916
8916
8913
8911
8906
8904
8898
8887
8884
8883
8876
8871
8866
8866
8861
8854
8853
8850
8832
8831
8827
8819
8817
8815
8810
8807
8807
8804
8804
8797
8792
8786
8784
8781
8779
8778
8766
8762
8760
8758
8755
8744
8735
8735
8731
8723
8718
8711
8711
8710
8687
8686
8685
8679
8676
8673
8665
8664
8662
8660
8660
8658
8658
8653
8647
8644
8633
8622
8620
8617
8615
8615
8615
8610
8608
8601
8593
8587
8582
8576
8569
8567
8566
8562
8559
8558
8530
8530
8519
8517
8512
8512
8508
8507
8497
8496
8494
8492
8478
8477
8476
8454
8448
8446
8444
8441
8437
8421
8421
8419
8419
8408
8407
8407
8406
8404
8394
8393
8393
8391
8391
8388
8387
8386
8385
8380
8376
8373
8370
8369
8365
8363
8361
8361
8359
8351
8350
8344
8343
8340
8337
8337
8333
8331
8328
8317
8316
8312
8311
8301
8297
8293
8287
8285
8283
8280
8270
8267
8265
8264
8263
8262
8248
8246
8227
8226
8205
8189
8184
8180
8176
8173
8171
8167
8164
8164
8161
8155
8152
8147
8136
8133
8131
8130
8125
8123
8116
8114
8113
8109
8108
8103
8094
8094
8088
8085
8082
8079
8078
8076
8068
8065
8060
8058
8055
8054
8050
8043
8027
8021
8020
8020
8011
8010
8008
8007
8005
7997
7994
7991
7982
7978
7974
7974
7956
7949
7920
7917
7917
7916
7911
7905
7904
7904
7899
7895
7888
7887
7880
7878
7878
7874
7856
7852
7851
7847
7845
7838
7837
7836
7820
7819
7810
7807
7799
7796
7795
7791
7780
7779
7773
7773
7769
7763
7741
7740
7739
7734
7730
7730
7724
7720
7719
7707
7706
7704
7703
7702
7697
7682
7677
7666
7666
7665
7662
7660
7658
7658
7655
7653
7653
7650
7650
7642
7630
7627
7625
7622
7600
7599
7595
7588
7585
7572
7567
7565
7560
7557
7555
7550
7536
7527
7523
7522
7520
7517
7503
7502
7502
7502
7499
7498
7494
7484
7474
7472
7470
7464
7457
7457
7457
7456
7456
7455
7452
7449
7444
7444
7444
7443
7442
7434
7431
7428
7425
7424
7420
7413
7408
7403
7402
7401
7396
7384
7380
7376
7375
7369
7361
7359
7357
7346
7345
7345
7325
7316
7315
7311
7304
7303
7301
7300
7300
7299
7290
7288
7288
7275
7275
7262
7261
7261
7258
7248
7248
7247
7246
7246
7242
7238
7237
7234
7231
7225
7219
7200
7195
7185
7185
7182
7181
7179
7174
7172
7168
7163
7157
7147
7147
7139
7137
7129
7128
7110
7106
7102
7094
7084
7080
7067
7061
7060
7051
7049
7039
7036
7035
7033
7022
7015
7010
7009
7009
7006
7001
6998
6998
6996
6993
6977
6958
6946
6945
6942
6938
6934
6925
6915
6914
6910
6910
6898
6893
6892
6866
6866
6860
6844
6844
6843
6831
6824
6817
6817
6814
6807
6806
6805
6804
6797
6794
6794
6792
6790
6785
6774
6766
6762
6758
6734
6729
6729
6726
6715
6712
6711
6691
6691
6691
6677
6677
6675
6668
6664
6663
6641
6639
6637
6629
6624
6623
6622
6621
6619
6616
6613
6611
6609
6607
6607
6600
6589
6583
6582
6579
6578
6575
6568
6567
6559
6559
6557
6553
6549
6548
6547
6547
6533
6532
6529
6528
6504
6497
6492
6484
6482
6471
6469
6468
6467
6466
6451
6446
6436
6436
6436
6430
6421
6420
6420
6408
6405
6402
6398
6394
6391
6390
6389
6384
6382
6365
6357
6357
6355
6351
6350
6335
6334
6325
6313
6309
6301
6298
6296
6292
6289
6285
6282
6278
6272
6272
6266
6259
6256
6252
6240
6239
6238
6233
6228
6220
6219
6219
6217
6212
6210
6208
6207
6203
6201
6196
6194
6188
6177
6168
6168
6166
6165
6162
6160
6159
6158
6157
6157
6156
6152
6148
6141
6141
6139
6128
6121
6108
6094
6088
6078
6076
6075
6065
6065
6064
6062
6060
6057
6052
6049
6044
6041
6031
6025
6023
6019
6002
6001
6001
5987
5987
5986
5979
5977
5976
5970
5964
5962
5960
5952
5948
5929
5926
5921
5916
5908
5896
5895
5884
5873
5857
5851
5842
5839
5838
5835
5820
5819
5807
5801
5799
5798
5792
5789
5778
5774
5761
5759
5756
5756
5750
5748
5748
5747
5747
5746
5743
5736
5727
5723
5718
5717
5710
5707
5687
5682
5676
5672
5666
5661
5660
5659
5658
5657
5650
5648
5644
5641
5640
5638
5637
5635
5633
5632
5628
5626
5622
5611
5610
5603
5596
5583
5583
5581
5577
5568
5563
5559
5558
5555
5537
5534
5526
5524
5516
5513
5512
5511
5509
5507
5502
5502
5501
5484
5481
5477
5476
5464
5463
5458
5447
5445
5440
5436
5432
5423
5409
5408
5400
5396
5394
5391
5390
5388
5383
5366
5363
5360
5346
5335
5332
5331
5326
5325
5324
5316
5311
5311
5305
5302
5301
5296
5293
5293
5287
5284
5278
5276
5274
5270
5263
5255
5245
5239
5238
5238
5234
5229
5215
5207
5207
5205
5198
5193
5190
5186
5183
5172
5170
5169
5157
5154
5150
5148
5147
5144
5144
5139
5136
5131
5128
5121
5113
5112
5107
5106
5099
5096
5094
5088
5085
5082
5079
5077
5071
5070
5070
5062
5060
5056
5050
5044
5041
5038
5027
5024
5024
5011
5007
5006
5002
5000
4987
4985
4981
4973
4952
4950
4948
4944
4944
4942
4940
4925
4923
4922
4920
4920
4916
4913
4912
4905
4900
4890
4882
4882
4880
4878
4875
4873
4863
4862
4862
4854
4852
4849
4837
4835
4824
4823
4822
4821
4819
4817
4816
4802
4801
4798
4794
4774
4773
4767
4763
4753
4752
4749
4743
4726
4719
4716
4712
4693
4690
4686
4680
4677
4676
4672
4668
4668
4660
4655
4652
4650
4647
4645
4643
4643
4638
4631
4630
4625
4622
4619
4616
4610
4608
4606
4603
4598
4587
4582
4582
4580
4580
4579
4575
4573
4573
4563
4563
4559
4558
4556
4555
4552
4551
4547
4544
4536
4530
4528
4525
4523
4518
4518
4510
4507
4502
4490
4482
4482
4478
4474
4469
4468
4463
4462
4457
4455
4453
4449
4448
4447
4437
4436
4435
4435
4434
4424
4423
4407
4398
4393
4384
4375
4372
4372
4365
4364
4362
4362
4355
4352
4340
4338
4332
4322
4317
4297
4295
4285
4283
4280
4263
4259
4258
4257
4252
4249
4249
4244
4241
4239
4236
4236
4235
4233
4225
4223
4222
4221
4209
4202
4202
4200
4180
4172
4172
4162
4150
4142
4131
4127
4126
4124
4119
4114
4112
4105
4105
4101
4089
4087
4085
4077
4077
4075
4074
4073
4069
4055
4043
4039
4039
4035
4028
4027
4022
4018
4013
4011
4007
4007
4006
4000
3999
3998
3997
3985
3968
3961
3957
3955
3953
3951
3951
3948
3947
3941
3931
3929
3924
3922
3909
3901
3896
3892
3890
3889
3885
3885
3880
3878
3873
3872
3869
3868
3868
3862
3859
3856
3850
3845
3845
3842
3838
3837
3836
3835
3833
3829
3829
3824
3821
3820
3819
3818
3816
3816
3814
3812
3800
3795
3792
3791
3790
3790
3789
3781
3778
3771
3766
3764
3762
3758
3749
3738
3736
3724
3723
3721
3720
3718
3717
3712
3711
3711
3709
3705
3701
3701
3689
3673
3664
3663
3660
3657
3655
3651
3645
3645
3642
3638
3635
3633
3631
3629
3627
3626
3626
3624
3621
3618
3614
3606
3605
3593
3593
3582
3579
3578
3569
3564
3558
3553
3545
3540
3539
3530
3530
3528
3514
3508
3506
3505
3504
3502
3502
3498
3497
3495
3467
3459
3452
3450
3443
3441
3429
3425
3421
3419
3418
3414
3412
3405
3400
3398
3391
3381
3378
3378
3377
3374
3370
3363
3357
3355
3351
3350
3342
3331
3330
3327
3324
3317
3310
3293
3290
3289
3288
3285
3281
3279
3266
3265
3244
3244
3238
3224
3224
3216
3213
3201
3200
3198
3197
3195
3195
3187
3176
3173
3166
3160
3156
3155
3151
3141
3141
3137
3134
3130
3130
3129
3127
3124
3123
3118
3114
3110
3108
3103
3101
3099
3095
3093
3091
3081
3080
3079
3077
3075
3070
3070
3068
3066
3065
3058
3052
3052
3050
3046
3033
3026
3021
3017
3012
3010
3003
3002
2997
2994
2993
2978
2975
2973
2972
2972
2969
2969
2965
2961
2960
2955
2949
2945
2938
2937
2936
2935
2934
2931
2929
2928
2921
2919
2917
2912
2909
2906
2892
2890
2885
2883
2874
2868
2864
2861
2858
2844
2841
2830
2826
2820
2816
2813
2806
2803
2791
2788
2786
2785
2772
2770
2762
2762
2759
2758
2748
2739
2728
2724
2718
2715
2714
2714
2702
2697
2689
2685
2682
2681
2671
2659
2658
2656
2649
2647
2643
2640
2639
2638
2632
2628
2627
2623
2622
2618
2611
2611
2610
2608
2603
2594
2591
2591
2590
2589
2580
2580
2579
2577
2566
2564
2564
2563
2559
2559
2556
2553
2547
2540
2537
2529
2516
2514
2511
2511
2509
2504
2503
2501
2499
2499
2498
2498
2495
2493
2489
2484
2481
2476
2472
2463
2462
2460
2451
2448
2440
2439
2438
2431
2430
2417
2413
2404
2401
2400
2392
2387
2385
2383
2379
2368
2361
2358
2355
2352
2348
2345
2330
2326
2324
2321
2319
2305
2302
2301
2296
2293
2275
2273
2267
2264
2252
2243
2243
2238
2237
2234
2217
2216
2214
2208
2195
2189
2183
2180
2174
2173
2170
2161
2158
2153
2149
2149
2148
2147
2141
2135
2125
2124
2120
2117
2114
2111
2110
2106
2106
2106
2096
2092
2087
2085
2083
2075
2074
2066
2063
2061
2058
2047
2042
2041
2040
2039
2037
2027
2026
2008
2008
2002
2000
1990
1987
1985
1977
1962
1958
1945
1936
1936
1929
1919
1914
1911
1908
1896
1881
1878
1874
1855
1854
1853
1848
1847
1841
1837
1834
1833
1832
1828
1825
1824
1823
1803
1798
1792
1783
1782
1782
1779
1756
1747
1742
1734
1733
1733
1717
1711
1702
1697
1697
1695
1693
1680
1677
1672
1658
1652
1640
1639
1636
1633
1632
1631
1626
1619
1614
1604
1589
1571
1563
1558
1557
1557
1554
1546
1543
1541
1539
1538
1534
1533
1529
1524
1506
1504
1489
1487
1475
1470
1466
1461
1461
1459
1459
1457
1456
1455
1453
1451
1446
1442
1441
1438
1435
1429
1428
1421
1418
1417
1417
1413
1374
1369
1345
1344
1343
1328
1325
1319
1316
1316
1310
1307
1291
1288
1285
1282
1279
1277
1277
1274
1273
1271
1263
1261
1260
1254
1253
1253
1248
1245
1234
1220
1215
1208
1207
1204
1204
1200
1198
1191
1188
1178
1176
1169
1169
1164
1157
1154
1151
1147
1146
1146
1140
1135
1134
1130
1119
1113
1091
1075
1069
1031
1021
1018
1009
997
996
996
992
989
986
980
979
970
966
960
959
956
954
942
934
924
917
916
916
910
906
901
899
897
896
889
889
889
889
882
878
876
864
863
853
850
846
841
840
835
832
825
819
817
817
805
804
800
799
797
788
788
778
777
774
769
754
754
752
750
748
744
743
730
727
723
720
716
712
711
706
703
696
694
690
681
680
673
669
667
655
648
641
641
633
630
629
627
617
617
607
596
593
592
589
583
582
582
563
556
556
547
547
543
543
540
540
529
527
523
520
516
516
512
506
505
504
504
490
486
479
477
476
471
468
461
461
452
442
437
437
427
423
421
421
419
419
413
411
409
407
401
380
379
377
373
360
359
356
354
341
340
332
322
322
318
313
310
308
306
303
302
297
288
287
284
280
277
267
261
249
248
245
244
243
239
226
219
218
214
213
200
192
187
185
181
181
179
166
165
164
163
159
152
143
120
113
113
112
112
111
109
104
101
95
91
91
84
82
78
72
65
46
38
30
29
27
25
21
18
17
14
10
9
7
0
