17734
17724
17722
17710
17707
17699
17696
17695
17693
17687
17682
17675
17670
17668
17660
17653
17640
17632
17631
17629
17626
17624
17623
17620
17617
17612
17610
17601
17599
17589
17584
17583
17580
17573
17561
17560
17556
17555
17546
17541
17537
17531
17527
17527
17523
17523
17518
17505
17505
17504
17501
17491
17488
17482
17481
17479
17474
17472
17472
17471
17470
17464
17451
17450
17448
17447
17444
17441
17441
17428
17420
17411
17408
17403
17403
17400
17395
17393
17389
17389
17387
17382
17380
17367
17366
17366
17362
17360
17359
17358
17356
17345
17344
17343
17342
17338
17333
17330
17326
17325
17325
17324
17319
17317
17314
17313
17313
17312
17310
17310
17305
17304
17302
17300
17293
17289
17286
17279
17270
17265
17265
17260
17255
17242
17240
17230
17222
17213
17212
17202
17193
17193
17192
17189
17189
17183
17181
17161
17160
17157
17156
17150
17138
17132
17129
17125
17124
17123
17120
17120
17116
17114
17113
17109
17106
17100
17099
17096
17089
17079
17079
17079
17072
17069
17069
17063
17062
17062
17059
17051
17043
17040
17040
17035
17032
17028
17025
17023
17021
17014
17014
17013
17013
17010
17007
17003
17001
16998
16997
16996
16993
16989
16981
16972
16965
16961
16955
16939
16932
16930
16918
16916
16916
16915
16914
16913
16911
16907
16893
16892
16892
16892
16891
16890
16884
16883
16882
16877
16862
16859
16858
16854
16853
16841
16823
16820
16813
16800
16796
16790
16775
16769
16768
16763
16760
16756
16753
16751
16733
16725
16724
16720
16720
16719
16718
16711
16710
16700
16694
16692
16687
16672
16672
16671
16667
16665
16663
16653
16650
16648
16646
16645
16643
16634
16625
16610
16604
16602
16601
16600
16591
16588
16588
16583
16581
16580
16576
16571
16570
16563
16559
16550
16547
16546
16544
16541
16537
16535
16528
16528
16526
16521
16520
16519
16519
16516
16510
16504
16500
16500
16499
16489
16486
16481
16473
16461
16459
16453
16449
16448
16440
16433
16432
16419
16414
16412
16407
16397
16380
16378
16371
16371
16370
16356
16355
16347
16346
16344
16336
16335
16332
16330
16324
16311
16310
16309
16307
16302
16302
16301
16300
16294
16291
16284
16282
16282
16282
16279
16276
16269
16269
16263
16263
16260
16259
16255
16248
16248
16241
16240
16236
16229
16225
16219
16211
16208
16206
16197
16192
16183
16177
16174
16171
16165
16160
16158
16153
16144
16143
16139
16124
16115
16108
16095
16094
16092
16090
16088
16084
16083
16074
16068
16068
16067
16065
16056
16053
16051
16046
16040
16039
16038
16034
16033
16029
16026
16022
16020
16017
16013
16004
16003
16002
15996
15976
15973
15971
15971
15955
15948
15946
15945
15941
15934
15931
15926
15920
15918
15909
15908
15905
15904
15895
15885
15873
15872
15871
15869
15864
15861
15860
15853
15851
15849
15848
15844
15844
15839
15837
15832
15827
15826
15821
15819
15818
15813
15806
15805
15796
15789
15785
15785
15784
15780
15779
15779
15777
15765
15765
15764
15764
15751
15748
15742
15733
15732
15730
15716
15710
15710
15708
15705
15704
15702
15694
15693
15691
15688
15647
15646
15640
15634
15634
15629
15626
15623
15608
15608
15603
15598
15597
15593
15592
15590
15590
15589
15588
15580
15568
15568
15568
15561
15556
15544
15521
15520
15515
15510
15510
15508
15500
15499
15491
15491
15490
15488
15481
15474
15470
15457
15448
15447
15441
15439
15439
15434
15434
15419
15417
15414
15407
15406
15405
15396
15378
15373
15373
15368
15367
15366
15354
15351
15349
15348
15347
15341
15336
15335
15331
15329
15326
15308
15300
15294
15289
15288
15285
15283
15281
15280
15278
15277
15269
15267
15263
15257
15246
15234
15233
15232
15229
15220
15217
15214
15213
15211
15210
15208
15206
15205
15196
15194
15191
15188
15179
15174
15171
15164
15159
15157
15154
15150
15145
15141
15135
15134
15126
15124
15123
15120
15118
15092
15088
15088
15084
15080
15077
15071
15065
15064
15061
15053
15053
15049
15044
15043
15040
15039
15032
15030
15030
15029
15025
15021
15014
15010
14998
14986
14980
14979
14979
14976
14967
14967
14966
14959
14958
14956
14953
14944
14944
14933
14933
14930
14928
14925
14924
14920
14917
14911
14910
14910
14903
14895
14892
14892
14889
14887
14884
14880
14878
14869
14865
14865
14864
14853
14846
14843
14842
14839
14831
14831
14824
14822
14821
14818
14817
14816
14814
14812
14812
14804
14802
14799
14791
14791
14790
14788
14784
14784
14784
14761
14761
14758
14751
14745
14741
14740
14739
14732
14731
14729
14714
14707
14707
14702
14695
14694
14690
14689
14688
14688
14687
14684
14678
14666
14657
14653
14647
14647
14637
14628
14619
14619
14618
14614
14613
14613
14606
14600
14600
14595
14589
14585
14583
14582
14578
14576
14574
14571
14563
14543
14537
14535
14535
14528
14528
14528
14527
14527
14523
14503
14497
14479
14471
14466
14462
14457
14454
14451
14448
14440
14440
14439
14432
14428
14426
14423
14412
14411
14399
14397
14396
14391
14391
14389
14377
14368
14366
14363
14362
14358
14354
14340
14339
14333
14314
14307
14304
14293
14293
14289
14288
14286
14285
14281
14278
14277
14269
14263
14263
14261
14256
14256
14250
14245
14244
14243
14235
14231
14224
14222
14219
14215
14209
14208
14207
14203
14203
14202
14198
14195
14191
14191
14190
14189
14186
14185
14177
14157
14154
14150
14147
14144
14142
14138
14137
14134
14133
14131
14123
14119
14119
14116
14116
14113
14113
14106
14104
14094
14091
14090
14089
14086
14086
14085
14060
14058
14051
14049
14049
14048
14047
14045
14043
14024
14024
14022
14003
14001
14000
13993
13986
13985
13983
13978
13977
13974
13972
13971
13955
13949
13948
13948
13946
13944
13942
13937
13937
13932
13932
13924
13917
13910
13909
13907
13907
13903
13900
13899
13898
13893
13885
13876
13874
13859
13854
13851
13835
13817
13817
13800
13791
13778
13776
13761
13758
13755
13751
13749
13748
13738
13737
13733
13731
13728
13725
13723
13716
13714
13706
13702
13697
13687
13675
13671
13669
13667
13663
13660
13659
13656
13651
13650
13650
13645
13642
13639
13636
13629
13628
13621
13617
13614
13612
13606
13599
13598
13592
13588
13588
13580
13568
13558
13555
13554
13547
13542
13538
13536
13532
13530
13528
13527
13519
13500
13489
13486
13481
13477
13473
13460
13458
13455
13452
13447
13447
13445
13443
13438
13437
13430
13429
13421
13413
13411
13410
13407
13406
13405
13396
13391
13389
13387
13384
13384
13382
13379
13373
13362
13359
13358
13353
13345
13343
13340
13339
13339
13318
13308
13306
13301
13298
13297
13291
13286
13280
13279
13277
13275
13268
13262
13261
13250
13247
13247
13239
13236
13233
13224
13223
13222
13220
13213
13209
13206
13197
13196
13192
13191
13189
13183
13175
13170
13167
13165
13162
13160
13157
13156
13155
13150
13145
13117
13116
13115
13109
13109
13104
13104
13103
13093
13089
13084
13084
13081
13080
13079
13076
13074
13051
13042
13037
13035
13032
13029
13014
13006
13001
12999
12996
12991
12991
12984
12972
12969
12968
12963
12961
12953
12949
12949
12947
12946
12941
12925
12924
12922
12920
12920
12914
12912
12909
12906
12905
12900
12899
12891
12891
12890
12885
12882
12877
12875
12875
12872
12870
12862
12856
12849
12848
12847
12841
12840
12839
12837
12835
12830
12825
12819
12816
12813
12807
12807
12807
12805
12803
12800
12797
12797
12784
12783
12782
12780
12780
12776
12774
12771
12765
12764
12762
12756
12754
12749
12741
12738
12736
12733
12730
12727
12721
12719
12715
12714
12713
12713
12708
12705
12702
12698
12694
12679
12679
12675
12674
12666
12665
12664
12660
12658
12656
12653
12645
12645
12644
12644
12642
12628
12623
12619
12610
12609
12605
12604
12602
12601
12598
12597
12597
12596
12596
12583
12582
12579
12570
12567
12564
12561
12560
12560
12560
12559
12555
12549
12544
12539
12536
12534
12533
12530
12521
12520
12518
12516
12515
12515
12500
12495
12487
12485
12484
12483
12482
12477
12476
12475
12473
12470
12459
12458
12447
12445
12445
12440
12439
12438
12436
12434
12433
12431
12425
12420
12420
12419
12411
12410
12409
12402
12401
12400
12399
12396
12394
12392
12388
12384
12384
12380
12373
12365
12355
12351
12350
12339
12333
12332
12332
12328
12320
12314
12305
12300
12282
12280
12279
12277
12276
12275
12259
12257
12255
12249
12241
12235
12229
12229
12227
12215
12214
12207
12205
12198
12195
12195
12180
12179
12172
12163
12138
12136
12136
12133
12133
12132
12130
12128
12125
12124
12118
12117
12116
12105
12100
12099
12094
12087
12081
12081
12079
12077
12073
12072
12072
12069
12054
12050
12041
12034
12034
12023
12014
12012
12005
11996
11992
11991
11982
11970
11953
11950
11948
11947
11940
11939
11934
11929
11929
11929
11927
11923
11922
11918
11918
11918
11911
11905
11899
11895
11894
11892
11891
11891
11874
11871
11859
11849
11847
11838
11838
11836
11835
11833
11832
11831
11829
11824
11822
11821
11814
11812
11807
11803
11797
11796
11792
11792
11786
11777
11777
11776
11776
11773
11760
11754
11741
11738
11733
11720
11710
11708
11691
11691
11686
11681
11677
11670
11664
11660
11651
11648
11648
11645
11636
11636
11621
11617
11617
11617
11614
11608
11607
11606
11605
11605
11603
11602
11600
11597
11571
11570
11570
11569
11564
11561
11560
11558
11550
11544
11542
11537
11536
11536
11536
11534
11533
11522
11522
11518
11507
11507
11504
11495
11494
11494
11493
11486
11482
11474
11453
11444
11435
11432
11431
11429
11416
11409
11408
11401
11398
11392
11369
11368
11362
11359
11358
11357
11344
11342
11339
11336
11327
11326
11322
11322
11320
11315
11295
11285
11284
11283
11280
11279
11279
11263
11247
11247
11246
11242
11240
11240
11238
11238
11231
11223
11220
11218
11216
11207
11205
11202
11202
11200
11190
11172
11172
11162
11160
11137
11133
11127
11124
11122
11117
11116
11115
11113
11104
11097
11094
11091
11085
11077
11076
11072
11063
11057
11054
11052
11043
11042
11041
11038
11037
11036
11029
11024
11022
11022
11012
11006
11005
11003
11002
11001
10989
10987
10986
10985
10980
10972
10967
10965
10963
10957
10954
10950
10941
10930
10922
10916
10913
10911
10899
10898
10889
10888
10877
10875
10872
10848
10848
10841
10841
10833
10822
10814
10808
10806
10795
10782
10772
10748
10748
10741
10740
10732
10731
10724
10723
10719
10717
10717
10710
10709
10704
10700
10694
10691
10691
10691
10676
10676
10675
10669
10668
10662
10651
10649
10641
10633
10623
10619
10617
10615
10612
10609
10607
10601
10585
10579
10577
10575
10572
10571
10565
10562
10557
10556
10556
10553
10550
10539
10537
10535
10535
10531
10527
10523
10523
10512
10512
10507
10503
10499
10498
10492
10488
10486
10476
10475
10470
10469
10465
10465
10460
10459
10457
10456
10455
10455
10453
10435
10435
10411
10410
10400
10394
10392
10387
10383
10382
10379
10374
10373
10373
10367
10365
10355
10352
10351
10344
10334
10332
10332
10331
10327
10327
10321
10314
10313
10312
10311
10310
10305
10304
10301
10300
10299
10297
10295
10294
10289
10289
10289
10280
10279
10273
10268
10267
10267
10256
10254
10253
10250
10242
10242
10238
10232
10229
10226
10225
10222
10220
10218
10213
10198
10197
10187
10187
10184
10183
10182
10179
10177
10176
10171
10170
10153
10141
10141
10141
10139
10138
10131
10131
10130
10128
10125
10122
10115
10110
10107
10092
10089
10081
10077
10071
10067
10067
10066
10053
10050
10048
10046
10040
10037
10037
10028
10011
10007
10005
10005
10001
9993
9983
9983
9974
9974
9970
9968
9954
9953
9945
9933
9918
9916
9912
9911
9909
9905
9902
9896
9896
9896
9892
9887
9886
9878
9869
9868
9863
9853
9850
9849
9841
9837
9835
9834
9833
9833
9830
9816
9801
9791
9790
9790
9789
9788
9779
9778
9776
9769
9768
9766
9761
9759
9754
9751
9749
9746
9745
9743
9740
9729
9729
9727
9709
9707
9704
9704
9699
9699
9696
9695
9690
9668
9667
9662
9657
9656
9656
9644
9640
9639
9634
9630
9629
9629
9620
9616
9616
9612
9608
9606
9595
9586
9583
9583
9582
9581
9579
9579
9577
9575
9568
9566
9554
9543
9540
9534
9525
9521
9519
9514
9512
9505
9498
9491
9490
9485
9478
9472
9453
9450
9447
9444
9442
9441
9440
9433
9430
9422
9422
9422
9416
9404
9392
9391
9381
9378
9365
9355
9348
9346
9343
9342
9340
9337
9322
9318
9317
9313
9312
9308
9304
9290
9289
9288
9278
9259
9258
9253
9250
9246
9246
9246
9238
9229
9227
9217
9212
9211
9211
9205
9204
9200
9191
9188
9188
9187
9182
9182
9180
9179
9173
9170
9169
9161
9159
9159
9148
9136
9120
9120
9110
9108
9101
9095
9088
9085
9084
9083
9071
9065
9065
9064
9056
9056
9055
9053
9051
9049
9041
9040
9033
9014
9008
9006
8998
8995
8988
8984
8968
8962
8960
8959
8957
8955
8955
8952
8948
8940
8928
8928
8922
8916
8916
8916
8913
8911
8906
8904
8898
8887
8884
8883
8876
8871
8866
8866
8861
8854
8853
8850
8832
8831
8827
8819
8817
8815
8810
8807
8807
8804
8804
8797
8792
8786
8784
8781
8779
8778
8766
8762
8760
8758
8755
8744
8735
8735
8731
8723
8718
8711
8711
8710
8687
8686
8685
8679
8676
8673
8665
8664
8662
8660
8660
8658
8658
8653
8647
8644
8633
8622
8620
8617
8615
8615
8615
8610
8608
8601
8593
8587
8582
8576
8569
8567
8566
8562
8559
8558
8530
8530
8519
8517
8512
8512
8508
8507
8497
8496
8494
8492
8478
8477
8476
8454
8448
8446
8444
8441
8437
8421
8421
8419
8419
8408
8407
8407
8406
8404
8394
8393
8393
8391
8391
8388
8387
8386
8385
8380
8376
8373
8370
8369
8365
8363
8361
8361
8359
8351
8350
8344
8343
8340
8337
8337
8333
8331
8328
8317
8316
8312
8311
8301
8297
8293
8287
8285
8283
8280
8270
8267
8265
8264
8263
8262
8248
8246
8227
8226
8205
8189
8184
8180
8176
8173
8171
8167
8164
8164
8161
8155
8152
8147
8136
8133
8131
8130
8125
8123
8116
8114
8113
8109
8108
8103
8094
8094
8088
8085
8082
8079
8078
8076
8068
8065
8060
8058
8055
8054
8050
8043
8027
8021
8020
8020
8011
8010
8008
8007
8005
7997
7994
7991
7982
7978
7974
7974
7956
7949
7920
7917
7917
7916
7911
7905
7904
7904
7899
7895
7888
7887
7880
7878
7878
7874
7856
7852
7851
7847
7845
7838
7837
7836
7820
7819
7810
7807
7799
7796
7795
7791
7780
7779
7773
7773
7769
7763
7741
7740
7739
7734
7730
7730
7724
7720
7719
7707
7706
7704
7703
7702
7697
7682
7677
7666
7666
7665
7662
7660
7658
7658
7655
7653
7653
7650
7650
7642
7630
7627
7625
7622
7600
7599
7595
7588
7585
7572
7567
7565
7560
7557
7555
7550
7536
7527
7523
7522
7520
7517
7503
7502
7502
7502
7499
7498
7494
7484
7474
7472
7470
7464
7457
7457
7457
7456
7456
7455
7452
7449
7444
7444
7444
7443
7442
7434
7431
7428
7425
7424
7420
7413
7408
7403
7402
7401
7396
7384
7380
7376
7375
7369
7361
7359
7357
7346
7345
7345
7325
7316
7315
7311
7304
7303
7301
7300
7300
7299
7290
7288
7288
7275
7275
7262
7261
7261
7258
7248
7248
7247
7246
7246
7242
7238
7237
7234
7231
7225
7219
7200
7195
7185
7185
7182
7181
7179
7174
7172
7168
7163
7157
7147
7147
7139
7137
7129
7128
7110
7106
7102
7094
7084
7080
7067
7061
7060
7051
7049
7039
7036
7035
7033
7022
7015
7010
7009
7009
7006
7001
6998
6998
6996
6993
6977
6958
6946
6945
6942
6938
6934
6925
6915
6914
6910
6910
6898
6893
6892
6866
6866
6860
6844
6844
6843
6831
6824
6817
6817
6814
6807
6806
6805
6804
6797
6794
6794
6792
6790
6785
6774
6766
6762
6758
6734
6729
6729
6726
6715
6712
6711
6691
6691
6691
6677
6677
6675
6668
6664
6663
6641
6639
6637
6629
6624
6623
6622
6621
6619
6616
6613
6611
6609
6607
6607
6600
6589
6583
6582
6579
6578
6575
6568
6567
6559
6559
6557
6553
6549
6548
6547
6547
6533
6532
6529
6528
6504
6497
6492
6484
6482
6471
6469
6468
6467
6466
6451
6446
6436
6436
6436
6430
6421
6420
6420
6408
6405
6402
6398
6394
6391
6390
6389
6384
6382
6365
6357
6357
6355
6351
6350
6335
6334
6325
6313
6309
6301
6298
6296
6292
6289
6285
6282
6278
6272
6272
6266
6259
6256
6252
6240
6239
6238
6233
6228
6220
6219
6219
6217
6212
6210
6208
6207
6203
6201
6196
6194
6188
6177
6168
6168
6166
6165
6162
6160
6159
6158
6157
6157
6156
6152
6148
6141
6141
6139
6128
6121
6108
6094
6088
6078
6076
6075
6065
6065
6064
6062
6060
6057
6052
6049
6044
6041
6031
6025
6023
6019
6002
6001
6001
5987
5987
5986
5979
5977
5976
5970
5964
5962
5960
5952
5948
5929
5926
5921
5916
5908
5896
5895
5884
5873
5857
5851
5842
5839
5838
5835
5820
5819
5807
5801
5799
5798
5792
5789
5778
5774
5761
5759
5756
5756
5750
5748
5748
5747
5747
5746
5743
5736
5727
5723
5718
5717
5710
5707
5687
5682
5676
5672
5666
5661
5660
5659
5658
5657
5650
5648
5644
5641
5640
5638
5637
5635
5633
5632
5628
5626
5622
5611
5610
5603
5596
5583
5583
5581
5577
5568
5563
5559
5558
5555
5537
5534
5526
5524
5516
5513
5512
5511
5509
5507
5502
5502
5501
5484
5481
5477
5476
5464
5463
5458
5447
5445
5440
5436
5432
5423
5409
5408
5400
5396
5394
5391
5390
5388
5383
5366
5363
5360
5346
5335
5332
5331
5326
5325
5324
5316
5311
5311
5305
5302
5301
5296
5293
5293
5287
5284
5278
5276
5274
5270
5263
5255
5245
5239
5238
5238
5234
5229
5215
5207
5207
5205
5198
5193
5190
5186
5183
5172
5170
5169
5157
5154
5150
5148
5147
5144
5144
5139
5136
5131
5128
5121
5113
5112
5107
5106
5099
5096
5094
5088
5085
5082
5079
5077
5071
5070
5070
5062
5060
5056
5050
5044
5041
5038
5027
5024
5024
5011
5007
5006
5002
5000
4987
4985
4981
4973
4952
4950
4948
4944
4944
4942
4940
4925
4923
4922
4920
4920
4916
4913
4912
4905
4900
4890
4882
4882
4880
4878
4875
4873
4863
4862
4862
4854
4852
4849
4837
4835
4824
4823
4822
4821
4819
4817
4816
4802
4801
4798
4794
4774
4773
4767
4763
4753
4752
4749
4743
4726
4719
4716
4712
4693
4690
4686
4680
4677
4676
4672
4668
4668
4660
4655
4652
4650
4647
4645
4643
4643
4638
4631
4630
4625
4622
4619
4616
4610
4608
4606
4603
4598
4587
4582
4582
4580
4580
4579
4575
4573
4573
4563
4563
4559
4558
4556
4555
4552
4551
4547
4544
4536
4530
4528
4525
4523
4518
4518
4510
4507
4502
4490
4482
4482
4478
4474
4469
4468
4463
4462
4457
4455
4453
4449
4448
4447
4437
4436
4435
4435
4434
4424
4423
4407
4398
4393
4384
4375
4372
4372
4365
4364
4362
4362
4355
4352
4340
4338
4332
4322
4317
4297
4295
4285
4283
4280
4263
4259
4258
4257
4252
4249
4249
4244
4241
4239
4236
4236
4235
4233
4225
4223
4222
4221
4209
4202
4202
4200
4180
4172
4172
4162
4150
4142
4131
4127
4126
4124
4119
4114
4112
4105
4105
4101
4089
4087
4085
4077
4077
4075
4074
4073
4069
4055
4043
4039
4039
4035
4028
4027
4022
4018
4013
4011
4007
4007
4006
4000
3999
3998
3997
3985
3968
3961
3957
3955
3953
3951
3951
3948
3947
3941
3931
3929
3924
3922
3909
3901
3896
3892
3890
3889
3885
3885
3880
3878
3873
3872
3869
3868
3868
3862
3859
3856
3850
3845
3845
3842
3838
3837
3836
3835
3833
3829
3829
3824
3821
3820
3819
3818
3816
3816
3814
3812
3800
3795
3792
3791
3790
3790
3789
3781
3778
3771
3766
3764
3762
3758
3749
3738
3736
3724
3723
3721
3720
3718
3717
3712
3711
3711
3709
3705
3701
3701
3689
3673
3664
3663
3660
3657
3655
3651
3645
3645
3642
3638
3635
3633
3631
3629
3627
3626
3626
3624
3621
3618
3614
3606
3605
3593
3593
3582
3579
3578
3569
3564
3558
3553
3545
3540
3539
3530
3530
3528
3514
3508
3506
3505
3504
3502
3502
3498
3497
3495
3467
3459
3452
3450
3443
3441
3429
3425
3421
3419
3418
3414
3412
3405
3400
3398
3391
3381
3378
3378
3377
3374
3370
3363
3357
3355
3351
3350
3342
3331
3330
3327
3324
3317
3310
3293
3290
3289
3288
3285
3281
3279
3266
3265
3244
3244
3238
3224
3224
3216
3213
3201
3200
3198
3197
3195
3195
3187
3176
3173
3166
3160
3156
3155
3151
3141
3141
3137
3134
3130
3130
3129
3127
3124
3123
3118
3114
3110
3108
3103
3101
3099
3095
3093
3091
3081
3080
3079
3077
3075
3070
3070
3068
3066
3065
3058
3052
3052
3050
3046
3033
3026
3021
3017
3012
3010
3003
3002
2997
2994
2993
2978
2975
2973
2972
2972
2969
2969
2965
2961
2960
2955
2949
2945
2938
2937
2936
2935
2934
2931
2929
2928
2921
2919
2917
2912
2909
2906
2892
2890
2885
2883
2874
2868
2864
2861
2858
2844
2841
2830
2826
2820
2816
2813
2806
2803
2791
2788
2786
2785
2772
2770
2762
2762
2759
2758
2748
2739
2728
2724
2718
2715
2714
2714
2702
2697
2689
2685
2682
2681
2671
2659
2658
2656
2649
2647
2643
2640
2639
2638
2632
2628
2627
2623
2622
2618
2611
2611
2610
2608
2603
2594
2591
2591
2590
2589
2580
2580
2579
2577
2566
2564
2564
2563
2559
2559
2556
2553
2547
2540
2537
2529
2516
2514
2511
2511
2509
2504
2503
2501
2499
2499
2498
2498
2495
2493
2489
2484
2481
2476
2472
2463
2462
2460
2451
2448
2440
2439
2438
2431
2430
2417
2413
2404
2401
2400
2392
2387
2385
2383
2379
2368
2361
2358
2355
2352
2348
2345
2330
2326
2324
2321
2319
2305
2302
2301
2296
2293
2275
2273
2267
2264
2252
2243
2243
2238
2237
2234
2217
2216
2214
2208
2195
2189
2183
2180
2174
2173
2170
2161
2158
2153
2149
2149
2148
2147
2141
2135
2125
2124
2120
2117
2114
2111
2110
2106
2106
2106
2096
2092
2087
2085
2083
2075
2074
2066
2063
2061
2058
2047
2042
2041
2040
2039
2037
2027
2026
2008
2008
2002
2000
1990
1987
1985
1977
1962
1958
1945
1936
1936
1929
1919
1914
1911
1908
1896
1881
1878
1874
1855
1854
1853
1848
1847
1841
1837
1834
1833
1832
1828
1825
1824
1823
1803
1798
1792
1783
1782
1782
1779
1756
1747
1742
1734
1733
1733
1717
1711
1702
1697
1697
1695
1693
1680
1677
1672
1658
1652
1640
1639
1636
1633
1632
1631
1626
1619
1614
1604
1589
1571
1563
1558
1557
1557
1554
1546
1543
1541
1539
1538
1534
1533
1529
1524
1506
1504
1489
1487
1475
1470
1466
1461
1461
1459
1459
1457
1456
1455
1453
1451
1446
1442
1441
1438
1435
1429
1428
1421
1418
1417
1417
1413
1374
1369
1345
1344
1343
1328
1325
1319
1316
1316
1310
1307
1291
1288
1285
1282
1279
1277
1277
1274
1273
1271
1263
1261
1260
1254
1253
1253
1248
1245
1234
1220
1215
1208
1207
1204
1204
1200
1198
1191
1188
1178
1176
1169
1169
1164
1157
1154
1151
1147
1146
1146
1140
1135
1134
1130
1119
1113
1091
1075
1069
1031
1021
1018
1009
997
996
996
992
989
986
980
979
970
966
960
959
956
954
942
934
924
917
916
916
910
906
901
899
897
896
889
889
889
889
882
878
876
864
863
853
850
846
841
840
835
832
825
819
817
817
805
804
800
799
797
788
788
778
777
774
769
754
754
752
750
748
744
743
730
727
723
720
716
712
711
706
703
696
694
690
681
680
673
669
667
655
648
641
641
633
630
629
627
617
617
607
596
593
592
589
583
582
582
563
556
556
547
547
543
543
540
540
529
527
523
520
516
516
512
506
505
504
504
490
486
479
477
476
471
468
461
461
452
442
437
437
427
423
421
421
419
419
413
411
409
407
401
380
379
377
373
360
359
356
354
341
340
332
322
322
318
313
310
308
306
303
302
297
288
287
284
280
277
267
261
249
248
245
244
243
239
226
219
218
214
213
200
192
187
185
181
181
179
166
165
164
163
159
152
143
120
113
113
112
112
111
109
104
101
95
91
91
84
82
78
72
65
46
38
30
29
27
25
21
18
17
14
10
9
7
0
